time,projectId,userId,device1,device1_value0,device1_value1,device1_value2,device1_value3,device1_value4,device1_value5,device1_value6,device1_value7,device1_value8,device1_value9,device1_value10,device1_value11,device1_value12,device2,device2_value0,device2_value1,device2_value2,device2_value3,device2_value4,device2_value5,device2_value6,device2_value7,device2_value8,device2_value9,device2_value10,device2_value11,device2_value12,1d_signal,timestamp,alignment_point
1667900291.8266115,SCAI-SENSEI,sensei-103,Sensomative_3001,38,0,38,14,111,109,99,144,34,14,2,13,121,Sensomative_3755,10,3,1,1,0,0,19,6,42,50,6,4,33,737,2022-11-08 09:38:11.826611519,
1667900291.942323,SCAI-SENSEI,sensei-103,Sensomative_3001,35,0,37,12,112,110,100,145,35,14,2,15,122,Sensomative_3755,10,3,0,1,0,0,21,7,42,52,6,4,34,739,2022-11-08 09:38:11.942322969,
1667900292.0251167,SCAI-SENSEI,sensei-103,Sensomative_3001,32,0,39,13,114,112,102,146,37,14,1,16,123,Sensomative_3755,10,3,0,1,0,0,22,6,42,52,7,4,35,749,2022-11-08 09:38:12.025116682,
1667900292.140828,SCAI-SENSEI,sensei-103,Sensomative_3001,28,0,43,15,119,116,103,144,38,16,1,16,124,Sensomative_3755,11,4,2,2,0,0,20,0,42,49,6,4,36,763,2022-11-08 09:38:12.140827894,
1667900292.2236218,SCAI-SENSEI,sensei-103,Sensomative_3001,23,0,43,16,123,121,101,137,39,16,2,16,125,Sensomative_3755,11,5,5,7,2,1,12,0,35,35,5,4,37,762,2022-11-08 09:38:12.223621845,
1667900292.3552938,SCAI-SENSEI,sensei-103,Sensomative_3001,22,0,42,17,127,124,96,128,37,15,2,15,126,Sensomative_3755,11,6,6,11,3,2,3,0,26,23,4,4,38,751,2022-11-08 09:38:12.355293751,
1667900292.4211297,SCAI-SENSEI,sensei-103,Sensomative_3001,25,0,43,19,132,124,92,121,36,14,2,13,127,Sensomative_3755,11,7,7,15,3,2,0,0,16,16,4,1,39,748,2022-11-08 09:38:12.421129704,
1667900292.553799,SCAI-SENSEI,sensei-103,Sensomative_3001,28,0,44,19,134,124,88,114,35,13,2,11,128,Sensomative_3755,11,7,7,15,3,2,0,0,16,16,4,1,39,740,2022-11-08 09:38:12.553798914,
1667900292.6206324,SCAI-SENSEI,sensei-103,Sensomative_3001,27,0,43,20,134,125,90,116,35,13,2,12,129,Sensomative_3755,10,9,7,11,3,1,0,0,4,9,2,0,41,746,2022-11-08 09:38:12.620632410,
1667900292.752304,SCAI-SENSEI,sensei-103,Sensomative_3001,24,0,42,20,133,126,93,121,36,14,1,14,130,Sensomative_3755,13,9,7,11,3,0,0,0,4,11,1,0,42,754,2022-11-08 09:38:12.752304077,
1667900292.8350978,SCAI-SENSEI,sensei-103,Sensomative_3001,24,0,40,20,131,126,93,122,37,15,2,14,131,Sensomative_3755,12,9,6,11,3,0,0,0,4,12,0,0,43,755,2022-11-08 09:38:12.835097790,
1667900292.949812,SCAI-SENSEI,sensei-103,Sensomative_3001,28,1,38,18,129,125,93,123,36,14,2,14,132,Sensomative_3755,12,9,6,11,3,0,0,0,5,14,1,0,44,753,2022-11-08 09:38:12.949811935,
1667900293.0326054,SCAI-SENSEI,sensei-103,Sensomative_3001,28,0,37,19,129,125,95,126,37,14,2,14,133,Sensomative_3755,13,9,7,11,3,0,0,0,7,19,0,0,45,759,2022-11-08 09:38:13.032605410,
1667900293.148317,SCAI-SENSEI,sensei-103,Sensomative_3001,25,0,38,18,132,126,97,129,37,14,2,15,134,Sensomative_3755,13,10,7,12,4,0,0,0,9,25,0,1,46,767,2022-11-08 09:38:13.148317099,
1667900293.2311108,SCAI-SENSEI,sensei-103,Sensomative_3001,26,0,39,18,133,126,97,129,35,14,1,16,135,Sensomative_3755,12,9,6,11,4,0,0,0,12,29,1,1,47,769,2022-11-08 09:38:13.231110811,
1667900293.3468225,SCAI-SENSEI,sensei-103,Sensomative_3001,26,0,43,17,130,124,95,126,31,18,2,17,136,Sensomative_3755,11,8,5,10,4,0,0,0,12,22,1,1,48,765,2022-11-08 09:38:13.346822500,
1667900293.4306135,SCAI-SENSEI,sensei-103,Sensomative_3001,14,0,44,13,126,121,96,134,30,19,4,22,137,Sensomative_3755,11,8,6,10,3,0,2,0,17,27,1,1,49,760,2022-11-08 09:38:13.430613518,
1667900293.54433,SCAI-SENSEI,sensei-103,Sensomative_3001,5,0,28,11,125,115,99,141,32,20,5,23,138,Sensomative_3755,12,9,7,12,3,0,4,0,25,37,1,2,50,742,2022-11-08 09:38:13.544329882,
1667900293.6271236,SCAI-SENSEI,sensei-103,Sensomative_3001,4,0,10,10,118,116,104,148,31,21,5,25,139,Sensomative_3755,13,9,8,15,3,1,11,0,32,44,3,4,51,731,2022-11-08 09:38:13.627123594,
1667900293.7428353,SCAI-SENSEI,sensei-103,Sensomative_3001,6,0,4,7,112,108,106,150,30,23,9,27,140,Sensomative_3755,12,8,7,11,2,2,15,0,33,41,4,3,52,722,2022-11-08 09:38:13.742835283,
1667900293.8585467,SCAI-SENSEI,sensei-103,Sensomative_3001,8,0,7,6,108,102,105,150,31,24,12,28,141,Sensomative_3755,13,6,6,8,3,1,14,0,32,38,4,3,53,722,2022-11-08 09:38:13.858546734,
1667900293.942338,SCAI-SENSEI,sensei-103,Sensomative_3001,9,0,15,6,107,101,102,149,34,24,13,28,142,Sensomative_3755,14,6,6,7,1,1,14,1,31,40,3,3,54,730,2022-11-08 09:38:13.942337990,
1667900294.057052,SCAI-SENSEI,sensei-103,Sensomative_3001,15,0,26,6,102,93,102,146,34,24,14,28,143,Sensomative_3755,16,7,5,5,1,0,11,0,28,41,3,3,55,733,2022-11-08 09:38:14.057051897,
1667900294.1408432,SCAI-SENSEI,sensei-103,Sensomative_3001,21,0,32,6,97,86,100,142,34,21,14,25,144,Sensomative_3755,15,7,3,5,1,0,10,0,25,42,3,3,56,722,2022-11-08 09:38:14.140843153,
1667900294.2695224,SCAI-SENSEI,sensei-103,Sensomative_3001,25,0,34,6,95,80,100,142,35,20,12,25,145,Sensomative_3755,11,5,2,5,1,0,13,0,25,45,4,6,57,719,2022-11-08 09:38:14.269522429,
1667900294.3383508,SCAI-SENSEI,sensei-103,Sensomative_3001,27,0,34,6,101,79,100,141,34,21,11,22,146,Sensomative_3755,12,4,0,5,1,0,19,0,30,48,4,7,58,722,2022-11-08 09:38:14.338350773,
1667900294.4710202,SCAI-SENSEI,sensei-103,Sensomative_3001,20,0,34,6,105,77,96,138,33,21,6,15,147,Sensomative_3755,12,3,0,4,2,0,18,0,29,49,5,6,59,698,2022-11-08 09:38:14.471020222,
1667900294.5368562,SCAI-SENSEI,sensei-103,Sensomative_3001,19,0,33,5,111,79,96,136,29,20,2,3,148,Sensomative_3755,15,3,0,2,1,0,14,0,29,50,6,6,60,681,2022-11-08 09:38:14.536856173,
1667900294.6685278,SCAI-SENSEI,sensei-103,Sensomative_3001,22,0,33,5,112,86,96,137,21,12,1,2,149,Sensomative_3755,16,4,1,1,1,0,10,0,30,52,8,9,61,676,2022-11-08 09:38:14.668527842,
1667900294.735361,SCAI-SENSEI,sensei-103,Sensomative_3001,25,0,36,5,118,99,94,135,17,12,0,3,150,Sensomative_3755,17,2,1,1,1,0,9,0,32,54,10,11,62,694,2022-11-08 09:38:14.735361099,
1667900294.867033,SCAI-SENSEI,sensei-103,Sensomative_3001,28,0,41,5,126,100,92,133,22,19,0,17,151,Sensomative_3755,18,2,2,0,0,0,7,0,24,52,12,9,63,734,2022-11-08 09:38:14.867033005,
1667900294.949827,SCAI-SENSEI,sensei-103,Sensomative_3001,31,0,45,6,123,90,82,122,22,25,0,33,152,Sensomative_3755,13,1,0,0,0,0,8,0,12,33,11,6,64,731,2022-11-08 09:38:14.949826956,
1667900295.0655384,SCAI-SENSEI,sensei-103,Sensomative_3001,30,0,47,6,120,84,77,119,22,27,4,40,153,Sensomative_3755,8,0,0,0,0,0,4,0,3,18,8,2,65,729,2022-11-08 09:38:15.065538405,
1667900295.1473346,SCAI-SENSEI,sensei-103,Sensomative_3001,26,0,52,9,118,67,67,108,20,30,6,36,154,Sensomative_3755,4,0,0,0,0,0,2,0,1,2,4,0,66,693,2022-11-08 09:38:15.147334576,
1667900295.263046,SCAI-SENSEI,sensei-103,Sensomative_3001,32,0,61,10,83,39,42,70,17,28,11,38,155,Sensomative_3755,1,0,0,0,0,0,0,0,0,0,1,0,67,586,2022-11-08 09:38:15.263046026,
1667900295.3458395,SCAI-SENSEI,sensei-103,Sensomative_3001,40,2,51,9,15,3,9,21,10,26,15,63,156,Sensomative_3755,0,0,0,0,0,0,0,0,0,0,0,0,68,420,2022-11-08 09:38:15.345839500,
1667900295.4615514,SCAI-SENSEI,sensei-103,Sensomative_3001,39,1,18,5,7,0,2,10,7,7,9,43,157,Sensomative_3755,0,0,0,0,0,0,0,0,0,0,0,0,69,305,2022-11-08 09:38:15.461551428,
1667900295.544345,SCAI-SENSEI,sensei-103,Sensomative_3001,39,0,5,4,7,0,1,8,3,4,3,26,158,Sensomative_3755,0,0,0,0,0,0,0,0,0,0,0,0,70,258,2022-11-08 09:38:15.544344902,
1667900295.6600566,SCAI-SENSEI,sensei-103,Sensomative_3001,38,0,2,2,7,0,0,8,2,5,3,20,159,Sensomative_3755,0,0,0,0,0,0,0,0,0,0,0,0,71,246,2022-11-08 09:38:15.660056591,
1667900295.7418523,SCAI-SENSEI,sensei-103,Sensomative_3001,37,0,2,2,8,0,0,9,2,6,2,16,160,Sensomative_3755,0,0,0,0,0,0,0,0,0,0,0,0,72,244,2022-11-08 09:38:15.741852283,
1667900295.8575642,SCAI-SENSEI,sensei-103,Sensomative_3001,32,0,1,2,9,0,0,9,1,5,1,10,161,Sensomative_3755,0,0,0,0,0,0,0,0,0,0,0,0,73,231,2022-11-08 09:38:15.857564211,
1667900295.9403577,SCAI-SENSEI,sensei-103,Sensomative_3001,26,0,0,2,8,0,0,8,1,5,1,8,162,Sensomative_3755,0,0,0,0,0,0,0,0,0,0,0,0,74,221,2022-11-08 09:38:15.940357685,
1667900296.106943,SCAI-SENSEI,sensei-103,Sensomative_3001,17,0,0,2,7,0,0,8,1,4,1,9,163,Sensomative_3755,0,0,0,0,0,0,0,0,0,0,0,0,76,212,2022-11-08 09:38:16.106942892,
1667900296.1398606,SCAI-SENSEI,sensei-103,Sensomative_3001,15,0,0,1,5,0,0,6,0,3,1,13,164,Sensomative_3755,0,0,0,0,0,0,0,0,0,0,0,0,76,208,2022-11-08 09:38:16.139860630,
1667900296.2545743,SCAI-SENSEI,sensei-103,Sensomative_3001,15,0,0,1,4,0,0,6,0,2,0,11,165,Sensomative_3755,0,0,0,0,0,0,0,0,0,0,0,0,77,204,2022-11-08 09:38:16.254574299,
1667900296.3373682,SCAI-SENSEI,sensei-103,Sensomative_3001,15,0,0,1,3,0,0,7,0,2,0,8,166,Sensomative_3755,0,0,0,0,0,0,0,0,0,0,0,0,78,202,2022-11-08 09:38:16.337368250,
1667900296.45308,SCAI-SENSEI,sensei-103,Sensomative_3001,15,0,0,1,2,0,0,7,0,2,0,6,167,Sensomative_3755,0,0,0,0,0,0,0,0,0,0,0,0,79,200,2022-11-08 09:38:16.453079939,
1667900296.5358734,SCAI-SENSEI,sensei-103,Sensomative_3001,15,0,0,0,2,0,0,6,0,2,0,4,168,Sensomative_3755,0,0,0,0,0,0,0,0,0,0,0,0,80,197,2022-11-08 09:38:16.535873413,
1667900296.651585,SCAI-SENSEI,sensei-103,Sensomative_3001,15,0,0,0,2,0,0,7,0,2,0,5,169,Sensomative_3755,0,0,0,0,0,0,0,0,0,0,0,0,81,200,2022-11-08 09:38:16.651585102,
1667900296.7343786,SCAI-SENSEI,sensei-103,Sensomative_3001,15,0,0,0,2,0,0,7,0,2,0,4,170,Sensomative_3755,0,0,0,0,0,0,0,0,0,0,0,0,82,200,2022-11-08 09:38:16.734378576,
1667900296.8500905,SCAI-SENSEI,sensei-103,Sensomative_3001,14,0,0,0,2,0,0,7,0,2,0,4,171,Sensomative_3755,0,0,0,0,0,0,0,0,0,0,0,0,83,200,2022-11-08 09:38:16.850090504,
1667900296.9817622,SCAI-SENSEI,sensei-103,Sensomative_3001,14,0,0,0,2,0,0,9,0,1,0,10,172,Sensomative_3755,0,0,0,0,0,0,0,0,0,0,0,0,84,208,2022-11-08 09:38:16.981762171,
1667900297.0635583,SCAI-SENSEI,sensei-103,Sensomative_3001,13,0,0,0,2,0,0,8,0,1,0,7,173,Sensomative_3755,0,0,0,0,0,0,0,0,0,0,0,0,85,204,2022-11-08 09:38:17.063558340,
1667900297.180267,SCAI-SENSEI,sensei-103,Sensomative_3001,13,0,0,0,2,0,0,8,0,1,0,7,174,Sensomative_3755,0,0,0,0,0,0,0,0,0,0,0,0,86,205,2022-11-08 09:38:17.180267096,
1667900297.2620635,SCAI-SENSEI,sensei-103,Sensomative_3001,13,0,0,0,1,0,0,8,0,1,0,7,175,Sensomative_3755,0,0,0,0,0,0,0,0,0,0,0,0,87,205,2022-11-08 09:38:17.262063502,
1667900297.3787725,SCAI-SENSEI,sensei-103,Sensomative_3001,13,0,0,0,1,0,0,8,0,1,0,5,176,Sensomative_3755,0,0,0,0,0,0,0,0,0,0,0,0,88,204,2022-11-08 09:38:17.378772497,
1667900297.460569,SCAI-SENSEI,sensei-103,Sensomative_3001,13,0,0,0,2,0,0,8,0,1,0,5,177,Sensomative_3755,0,0,0,0,0,0,0,0,0,0,0,0,89,206,2022-11-08 09:38:17.460568905,
1667900297.5762804,SCAI-SENSEI,sensei-103,Sensomative_3001,13,0,0,0,2,0,0,8,0,1,0,5,178,Sensomative_3755,0,0,0,0,0,0,0,0,0,0,0,0,90,207,2022-11-08 09:38:17.576280355,
1667900297.6590738,SCAI-SENSEI,sensei-103,Sensomative_3001,13,0,0,0,2,0,0,8,0,1,0,4,179,Sensomative_3755,0,0,0,0,0,0,0,0,0,0,0,0,91,207,2022-11-08 09:38:17.659073830,
1667900297.7747853,SCAI-SENSEI,sensei-103,Sensomative_3001,13,0,0,0,1,0,0,8,0,1,0,4,180,Sensomative_3755,0,0,0,0,0,0,0,0,0,0,0,0,92,207,2022-11-08 09:38:17.774785280,
1667900297.8565814,SCAI-SENSEI,sensei-103,Sensomative_3001,13,0,0,0,1,0,0,8,0,1,0,3,181,Sensomative_3755,0,0,0,0,0,0,0,0,0,0,0,0,93,207,2022-11-08 09:38:17.856581450,
1667900297.9742882,SCAI-SENSEI,sensei-103,Sensomative_3001,13,0,0,0,1,0,0,8,0,1,0,3,182,Sensomative_3755,0,0,0,0,0,0,0,0,0,0,0,0,94,208,2022-11-08 09:38:17.974288225,
1667900298.0550869,SCAI-SENSEI,sensei-103,Sensomative_3001,13,0,0,0,1,0,0,8,0,1,0,3,183,Sensomative_3755,0,0,0,0,0,0,0,0,0,0,0,0,95,209,2022-11-08 09:38:18.055086851,
1667900298.1707983,SCAI-SENSEI,sensei-103,Sensomative_3001,13,0,0,0,1,0,0,8,0,1,0,3,184,Sensomative_3755,0,0,0,0,0,0,0,0,0,0,0,0,96,210,2022-11-08 09:38:18.170798302,
1667900298.253592,SCAI-SENSEI,sensei-103,Sensomative_3001,13,0,0,0,1,0,0,8,0,1,0,3,185,Sensomative_3755,0,0,0,0,0,0,0,0,0,0,0,0,97,211,2022-11-08 09:38:18.253592013,
1667900298.3693037,SCAI-SENSEI,sensei-103,Sensomative_3001,14,0,0,0,1,0,0,8,0,1,0,2,186,Sensomative_3755,0,0,0,0,0,0,0,0,0,0,0,0,98,212,2022-11-08 09:38:18.369303703,
1667900298.4530947,SCAI-SENSEI,sensei-103,Sensomative_3001,13,0,0,0,1,0,0,8,0,1,0,2,187,Sensomative_3755,0,0,0,0,0,0,0,0,0,0,0,0,99,212,2022-11-08 09:38:18.453094721,
1667900298.5678089,SCAI-SENSEI,sensei-103,Sensomative_3001,13,0,0,0,1,0,0,8,0,1,0,3,188,Sensomative_3755,0,0,0,0,0,0,0,0,0,0,0,0,100,214,2022-11-08 09:38:18.567808867,
1667900298.6506023,SCAI-SENSEI,sensei-103,Sensomative_3001,13,0,0,0,1,0,0,7,0,1,0,3,189,Sensomative_3755,0,0,0,0,0,0,0,0,0,0,0,0,101,214,2022-11-08 09:38:18.650602341,
1667900298.7663145,SCAI-SENSEI,sensei-103,Sensomative_3001,13,0,0,0,1,0,0,8,0,1,0,3,190,Sensomative_3755,0,0,0,0,0,0,0,0,0,0,0,0,102,216,2022-11-08 09:38:18.766314507,
1667900298.8491075,SCAI-SENSEI,sensei-103,Sensomative_3001,13,0,0,0,1,0,0,8,0,0,0,3,191,Sensomative_3755,0,0,0,0,0,0,0,0,0,0,0,0,103,216,2022-11-08 09:38:18.849107504,
1667900298.963822,SCAI-SENSEI,sensei-103,Sensomative_3001,13,0,0,0,1,0,0,8,0,0,0,3,192,Sensomative_3755,0,0,0,0,0,0,0,0,0,0,0,0,104,217,2022-11-08 09:38:18.963821888,
1667900299.0466154,SCAI-SENSEI,sensei-103,Sensomative_3001,13,0,0,0,1,0,0,8,0,0,0,3,193,Sensomative_3755,0,0,0,0,0,0,0,0,0,0,0,0,105,218,2022-11-08 09:38:19.046615362,
1667900299.1782873,SCAI-SENSEI,sensei-103,Sensomative_3001,13,0,0,0,1,0,0,8,0,0,0,2,194,Sensomative_3755,0,0,0,0,0,0,0,0,0,0,0,0,106,218,2022-11-08 09:38:19.178287268,
1667900299.2451208,SCAI-SENSEI,sensei-103,Sensomative_3001,13,0,0,0,1,0,0,7,0,0,0,2,195,Sensomative_3755,0,0,0,0,0,0,0,0,0,0,0,0,107,218,2022-11-08 09:38:19.245120764,
1667900299.37779,SCAI-SENSEI,sensei-103,Sensomative_3001,13,0,0,0,1,0,0,8,0,0,0,2,196,Sensomative_3755,0,0,0,0,0,0,0,0,0,0,0,0,108,220,2022-11-08 09:38:19.377789974,
1667900299.443626,SCAI-SENSEI,sensei-103,Sensomative_3001,13,0,0,0,1,0,0,8,0,0,0,2,197,Sensomative_3755,0,0,0,0,0,0,0,0,0,0,0,0,109,221,2022-11-08 09:38:19.443625927,
1667900299.5733027,SCAI-SENSEI,sensei-103,Sensomative_3001,13,0,0,0,1,0,0,8,0,0,0,2,198,Sensomative_3755,0,0,0,0,0,0,0,0,0,0,0,0,110,222,2022-11-08 09:38:19.573302746,
1667900299.642131,SCAI-SENSEI,sensei-103,Sensomative_3001,13,0,0,0,1,0,0,8,0,0,0,1,199,Sensomative_3755,0,0,0,0,0,0,0,0,0,0,0,0,111,222,2022-11-08 09:38:19.642131090,
1667900299.7728052,SCAI-SENSEI,sensei-103,Sensomative_3001,13,0,0,0,2,0,0,8,0,0,0,2,200,Sensomative_3755,0,0,0,0,0,0,0,0,0,0,0,0,112,225,2022-11-08 09:38:19.772805214,
1667900299.8555992,SCAI-SENSEI,sensei-103,Sensomative_3001,13,0,0,0,1,0,0,8,0,0,0,2,201,Sensomative_3755,0,0,0,0,0,0,0,0,0,0,0,0,113,225,2022-11-08 09:38:19.855599165,
1667900299.9723082,SCAI-SENSEI,sensei-103,Sensomative_3001,13,0,0,0,2,0,0,8,0,0,0,2,202,Sensomative_3755,0,0,0,0,0,0,0,0,0,0,0,0,114,227,2022-11-08 09:38:19.972308159,
1667900300.054104,SCAI-SENSEI,sensei-103,Sensomative_3001,13,0,0,0,1,0,0,8,0,0,0,1,203,Sensomative_3755,0,0,0,0,0,0,0,0,0,0,0,0,115,226,2022-11-08 09:38:20.054104090,
1667900300.2047288,SCAI-SENSEI,sensei-103,Sensomative_3001,12,0,0,0,1,0,0,8,0,0,0,1,204,Sensomative_3755,0,0,0,0,0,0,0,0,0,0,0,0,116,226,2022-11-08 09:38:20.204728842,
1667900300.2855277,SCAI-SENSEI,sensei-103,Sensomative_3001,12,0,0,0,1,0,0,8,0,0,0,1,205,Sensomative_3755,0,0,0,0,0,0,0,0,0,0,0,0,117,227,2022-11-08 09:38:20.285527706,
1667900300.3693185,SCAI-SENSEI,sensei-103,Sensomative_3001,12,0,0,0,2,0,0,8,0,0,0,1,206,Sensomative_3755,0,0,0,0,0,0,0,0,0,0,0,0,118,229,2022-11-08 09:38:20.369318485,
1667900300.4840326,SCAI-SENSEI,sensei-103,Sensomative_3001,12,0,0,0,2,0,0,8,0,0,0,1,207,Sensomative_3755,0,0,0,0,0,0,0,0,0,0,0,0,119,230,2022-11-08 09:38:20.484032631,
1667900300.567824,SCAI-SENSEI,sensei-103,Sensomative_3001,12,0,0,0,2,0,0,7,0,0,0,1,208,Sensomative_3755,0,0,0,0,0,0,0,0,0,0,0,0,120,230,2022-11-08 09:38:20.567823887,
1667900300.683535,SCAI-SENSEI,sensei-103,Sensomative_3001,13,0,0,0,2,0,0,7,0,0,0,1,209,Sensomative_3755,0,0,0,0,0,0,0,0,0,0,0,0,121,232,2022-11-08 09:38:20.683535099,
1667900300.7653315,SCAI-SENSEI,sensei-103,Sensomative_3001,13,0,0,0,2,0,0,8,0,0,0,1,210,Sensomative_3755,0,0,0,0,0,0,0,0,0,0,0,0,122,234,2022-11-08 09:38:20.765331507,
1667900300.881043,SCAI-SENSEI,sensei-103,Sensomative_3001,12,0,0,0,2,0,0,8,0,0,0,1,211,Sensomative_3755,0,0,0,0,0,0,0,0,0,0,0,0,123,234,2022-11-08 09:38:20.881042957,
1667900300.963837,SCAI-SENSEI,sensei-103,Sensomative_3001,12,0,0,0,2,0,0,8,0,0,0,1,212,Sensomative_3755,0,0,0,0,0,0,0,0,0,0,0,0,124,235,2022-11-08 09:38:20.963836908,
1667900301.0955083,SCAI-SENSEI,sensei-103,Sensomative_3001,12,0,0,0,1,0,0,7,0,0,0,1,213,Sensomative_3755,0,0,0,0,0,0,0,0,0,0,0,0,125,234,2022-11-08 09:38:21.095508337,
1667900301.162342,SCAI-SENSEI,sensei-103,Sensomative_3001,12,0,0,0,1,0,0,8,0,0,0,1,214,Sensomative_3755,0,0,0,0,0,0,0,0,0,0,0,0,126,236,2022-11-08 09:38:21.162342072,
1667900301.2780535,SCAI-SENSEI,sensei-103,Sensomative_3001,12,0,0,0,1,0,0,8,0,0,0,1,215,Sensomative_3755,0,0,0,0,0,0,0,0,0,0,0,0,127,237,2022-11-08 09:38:21.278053522,
1667900301.360847,SCAI-SENSEI,sensei-103,Sensomative_3001,12,0,0,0,1,0,0,7,0,0,0,1,216,Sensomative_3755,0,0,0,0,0,0,0,0,0,0,0,0,128,237,2022-11-08 09:38:21.360846996,
1667900301.4935164,SCAI-SENSEI,sensei-103,Sensomative_3001,12,0,0,0,1,0,0,8,0,0,0,1,217,Sensomative_3755,0,0,0,0,0,0,0,0,0,0,0,0,129,239,2022-11-08 09:38:21.493516445,
1667900301.5583549,SCAI-SENSEI,sensei-103,Sensomative_3001,11,0,0,0,2,0,0,8,0,0,0,0,218,Sensomative_3755,0,0,0,0,0,0,0,0,0,0,0,0,130,239,2022-11-08 09:38:21.558354855,
1667900301.6910243,SCAI-SENSEI,sensei-103,Sensomative_3001,11,0,0,0,2,0,0,7,0,0,0,0,219,Sensomative_3755,0,0,0,0,0,0,0,0,0,0,0,0,131,239,2022-11-08 09:38:21.691024303,
1667900301.75686,SCAI-SENSEI,sensei-103,Sensomative_3001,10,0,0,0,2,0,0,7,0,0,0,0,220,Sensomative_3755,0,0,0,0,0,0,0,0,0,0,0,0,132,239,2022-11-08 09:38:21.756860018,
1667900301.888532,SCAI-SENSEI,sensei-103,Sensomative_3001,11,0,0,0,2,0,0,8,0,0,0,0,221,Sensomative_3755,0,0,0,0,0,0,0,0,0,0,0,0,133,242,2022-11-08 09:38:21.888531923,
1667900301.956363,SCAI-SENSEI,sensei-103,Sensomative_3001,11,0,0,0,2,0,0,8,0,0,0,0,222,Sensomative_3755,0,0,0,0,0,0,0,0,0,0,0,0,134,243,2022-11-08 09:38:21.956362963,
1667900302.087037,SCAI-SENSEI,sensei-103,Sensomative_3001,11,0,0,0,2,0,0,8,0,0,0,0,223,Sensomative_3755,0,0,0,0,0,0,0,0,0,0,0,0,135,244,2022-11-08 09:38:22.087037086,
1667900302.1698308,SCAI-SENSEI,sensei-103,Sensomative_3001,11,0,0,0,2,0,0,7,0,0,0,0,224,Sensomative_3755,0,0,0,0,0,0,0,0,0,0,0,0,136,244,2022-11-08 09:38:22.169830799,
1667900302.284545,SCAI-SENSEI,sensei-103,Sensomative_3001,11,0,0,0,2,0,0,6,0,0,0,0,225,Sensomative_3755,0,0,0,0,0,0,0,0,0,0,0,0,137,244,2022-11-08 09:38:22.284544945,
1667900302.368336,SCAI-SENSEI,sensei-103,Sensomative_3001,11,0,0,0,2,0,0,6,0,0,0,0,226,Sensomative_3755,0,0,0,0,0,0,0,0,0,0,0,0,138,245,2022-11-08 09:38:22.368335962,
1667900302.48305,SCAI-SENSEI,sensei-103,Sensomative_3001,11,0,0,0,1,0,0,6,0,0,0,0,227,Sensomative_3755,0,0,0,0,0,0,0,0,0,0,0,0,139,245,2022-11-08 09:38:22.483050108,
1667900302.5668411,SCAI-SENSEI,sensei-103,Sensomative_3001,10,0,0,0,2,0,0,7,0,0,0,0,228,Sensomative_3755,0,0,0,0,0,0,0,0,0,0,0,0,140,247,2022-11-08 09:38:22.566841125,
1667900302.6795602,SCAI-SENSEI,sensei-103,Sensomative_3001,11,0,0,0,1,0,0,6,0,0,0,0,229,Sensomative_3755,0,0,0,0,0,0,0,0,0,0,0,0,141,247,2022-11-08 09:38:22.679560184,
1667900302.7603588,SCAI-SENSEI,sensei-103,Sensomative_3001,11,0,0,0,2,0,0,6,0,0,0,0,230,Sensomative_3755,0,0,0,0,0,0,0,0,0,0,0,0,142,249,2022-11-08 09:38:22.760358810,
1667900302.8780656,SCAI-SENSEI,sensei-103,Sensomative_3001,11,0,0,0,2,0,0,7,0,0,0,0,231,Sensomative_3755,0,0,0,0,0,0,0,0,0,0,0,0,143,251,2022-11-08 09:38:22.878065586,
1667900302.9598618,SCAI-SENSEI,sensei-103,Sensomative_3001,10,0,0,0,1,0,0,6,0,0,0,0,232,Sensomative_3755,0,0,0,0,0,0,0,0,0,0,0,0,144,249,2022-11-08 09:38:22.959861755,
1667900303.0765705,SCAI-SENSEI,sensei-103,Sensomative_3001,10,0,0,0,1,0,0,7,0,0,0,0,233,Sensomative_3755,0,0,0,0,0,0,0,0,0,0,0,0,145,251,2022-11-08 09:38:23.076570511,
1667900303.1623569,SCAI-SENSEI,sensei-103,Sensomative_3001,11,0,0,0,2,0,0,7,0,0,0,0,234,Sensomative_3755,0,0,0,0,0,0,0,0,0,0,0,0,146,254,2022-11-08 09:38:23.162356853,
1667900303.2740784,SCAI-SENSEI,sensei-103,Sensomative_3001,11,0,0,0,2,0,0,7,0,0,0,0,235,Sensomative_3755,0,0,0,0,0,0,0,0,0,0,0,0,147,255,2022-11-08 09:38:23.274078369,
1667900303.408743,SCAI-SENSEI,sensei-103,Sensomative_3001,11,0,0,0,2,0,0,7,0,0,0,0,236,Sensomative_3755,0,0,0,0,0,0,0,0,0,0,0,0,148,256,2022-11-08 09:38:23.408742905,
1667900303.4745789,SCAI-SENSEI,sensei-103,Sensomative_3001,11,0,0,0,2,0,0,7,0,0,0,0,237,Sensomative_3755,0,0,0,0,0,0,0,0,0,0,0,0,149,257,2022-11-08 09:38:23.474578857,
1667900303.607248,SCAI-SENSEI,sensei-103,Sensomative_3001,10,0,0,0,2,0,0,7,0,0,0,0,238,Sensomative_3755,0,0,0,0,0,0,0,0,0,0,0,0,150,257,2022-11-08 09:38:23.607248068,
1667900303.6730838,SCAI-SENSEI,sensei-103,Sensomative_3001,10,0,0,0,2,0,0,7,0,1,0,0,239,Sensomative_3755,0,0,0,0,0,0,0,0,0,0,0,0,151,259,2022-11-08 09:38:23.673083782,
1667900303.8047557,SCAI-SENSEI,sensei-103,Sensomative_3001,11,0,0,0,2,0,0,7,0,0,0,0,240,Sensomative_3755,0,0,0,0,0,0,0,0,0,0,0,0,152,260,2022-11-08 09:38:23.804755688,
1667900303.8715892,SCAI-SENSEI,sensei-103,Sensomative_3001,11,0,0,0,2,0,0,7,0,1,0,0,241,Sensomative_3755,0,0,0,0,0,0,0,0,0,0,0,0,153,262,2022-11-08 09:38:23.871589184,
1667900304.0042584,SCAI-SENSEI,sensei-103,Sensomative_3001,11,0,0,0,2,0,0,7,0,1,0,0,242,Sensomative_3755,0,0,0,0,0,0,0,0,0,0,0,0,154,263,2022-11-08 09:38:24.004258394,
1667900304.087052,SCAI-SENSEI,sensei-103,Sensomative_3001,11,0,0,0,2,0,0,7,0,1,0,0,243,Sensomative_3755,0,0,0,0,0,0,0,0,0,0,0,0,155,264,2022-11-08 09:38:24.087052107,
1667900304.2007687,SCAI-SENSEI,sensei-103,Sensomative_3001,10,0,0,0,2,0,0,7,0,1,0,0,244,Sensomative_3755,0,0,0,0,0,0,0,0,0,0,0,0,156,264,2022-11-08 09:38:24.200768709,
1667900304.2835622,SCAI-SENSEI,sensei-103,Sensomative_3001,11,0,0,0,2,0,0,7,0,1,0,0,245,Sensomative_3755,0,0,0,0,0,0,0,0,0,0,0,0,157,266,2022-11-08 09:38:24.283562183,
1667900304.3992736,SCAI-SENSEI,sensei-103,Sensomative_3001,11,0,0,0,2,0,0,7,0,1,0,0,246,Sensomative_3755,0,0,0,0,0,0,0,0,0,0,0,0,158,267,2022-11-08 09:38:24.399273634,
1667900304.483065,SCAI-SENSEI,sensei-103,Sensomative_3001,11,0,0,0,2,0,0,7,0,1,0,0,247,Sensomative_3755,0,0,0,0,0,0,0,0,0,0,0,0,159,268,2022-11-08 09:38:24.483064890,
1667900304.597779,SCAI-SENSEI,sensei-103,Sensomative_3001,10,0,0,0,2,0,0,7,0,1,0,0,248,Sensomative_3755,0,0,0,0,0,0,0,0,0,0,0,0,160,268,2022-11-08 09:38:24.597779036,
1667900304.6805727,SCAI-SENSEI,sensei-103,Sensomative_3001,10,0,0,0,2,0,0,7,0,1,0,0,249,Sensomative_3755,0,0,0,0,0,0,0,0,0,0,0,0,161,269,2022-11-08 09:38:24.680572748,
1667900304.7962842,SCAI-SENSEI,sensei-103,Sensomative_3001,10,0,0,0,2,0,0,7,0,1,0,0,250,Sensomative_3755,0,0,0,0,0,0,0,0,0,0,0,0,162,270,2022-11-08 09:38:24.796284199,
1667900304.8760855,SCAI-SENSEI,sensei-103,Sensomative_3001,10,0,0,0,2,0,0,7,0,1,0,0,251,Sensomative_3755,0,0,0,0,0,0,0,0,0,0,0,0,163,271,2022-11-08 09:38:24.876085520,
1667900304.9947896,SCAI-SENSEI,sensei-103,Sensomative_3001,10,0,0,0,2,0,0,7,0,1,0,0,252,Sensomative_3755,0,0,0,0,0,0,0,0,0,0,0,0,164,272,2022-11-08 09:38:24.994789600,
1667900305.077583,SCAI-SENSEI,sensei-103,Sensomative_3001,10,0,0,0,2,0,0,7,0,1,0,0,253,Sensomative_3755,0,0,0,0,0,0,0,0,0,0,0,0,165,273,2022-11-08 09:38:25.077583075,
1667900305.1932943,SCAI-SENSEI,sensei-103,Sensomative_3001,10,0,0,0,2,0,0,6,0,1,0,0,254,Sensomative_3755,0,0,0,0,0,0,0,0,0,0,0,0,166,273,2022-11-08 09:38:25.193294287,
1667900305.2770858,SCAI-SENSEI,sensei-103,Sensomative_3001,10,0,0,0,2,0,0,6,0,1,0,0,255,Sensomative_3755,0,0,0,0,0,0,0,0,0,0,0,0,167,274,2022-11-08 09:38:25.277085781,
1667900305.3918,SCAI-SENSEI,sensei-103,Sensomative_3001,10,0,0,0,2,0,0,6,0,1,0,0,0,Sensomative_3755,0,0,0,0,0,0,0,0,0,0,0,0,168,19,2022-11-08 09:38:25.391799927,
1667900305.4745936,SCAI-SENSEI,sensei-103,Sensomative_3001,10,0,0,0,2,0,0,6,0,1,0,0,1,Sensomative_3755,0,0,0,0,0,0,0,0,0,0,0,0,169,20,2022-11-08 09:38:25.474593639,
1667900305.5873125,SCAI-SENSEI,sensei-103,Sensomative_3001,10,0,0,0,2,0,0,6,0,1,0,0,2,Sensomative_3755,0,0,0,0,0,0,0,0,0,0,0,0,170,21,2022-11-08 09:38:25.587312460,
1667900305.6721013,SCAI-SENSEI,sensei-103,Sensomative_3001,10,0,0,0,2,0,0,6,0,1,0,0,3,Sensomative_3755,0,0,0,0,0,0,0,0,0,0,0,0,171,22,2022-11-08 09:38:25.672101259,
1667900305.801778,SCAI-SENSEI,sensei-103,Sensomative_3001,10,0,0,0,2,0,0,6,0,1,0,0,4,Sensomative_3755,0,0,0,0,0,0,0,0,0,0,0,0,172,23,2022-11-08 09:38:25.801778078,
1667900305.870607,SCAI-SENSEI,sensei-103,Sensomative_3001,10,0,0,0,2,0,0,6,0,1,0,0,5,Sensomative_3755,0,0,0,0,0,0,0,0,0,0,0,0,173,24,2022-11-08 09:38:25.870606899,
1667900306.0022783,SCAI-SENSEI,sensei-103,Sensomative_3001,10,0,0,0,2,0,0,6,0,1,0,0,6,Sensomative_3755,0,0,0,0,0,0,0,0,0,0,0,0,174,25,2022-11-08 09:38:26.002278328,
1667900306.0691116,SCAI-SENSEI,sensei-103,Sensomative_3001,10,0,0,0,2,0,0,6,0,1,0,0,7,Sensomative_3755,0,0,0,0,0,0,0,0,0,0,0,0,175,26,2022-11-08 09:38:26.069111586,
1667900306.201781,SCAI-SENSEI,sensei-103,Sensomative_3001,10,0,0,0,2,0,0,6,0,1,0,0,8,Sensomative_3755,0,0,0,0,0,0,0,0,0,0,0,0,176,27,2022-11-08 09:38:26.201781034,
1667900306.267617,SCAI-SENSEI,sensei-103,Sensomative_3001,10,0,0,0,2,0,0,6,0,1,0,0,9,Sensomative_3755,0,0,0,0,0,0,0,0,0,0,0,0,177,28,2022-11-08 09:38:26.267616986,
1667900306.399289,SCAI-SENSEI,sensei-103,Sensomative_3001,10,0,0,0,2,0,0,6,0,1,0,0,10,Sensomative_3755,0,0,0,0,0,0,0,0,0,0,0,0,178,29,2022-11-08 09:38:26.399288893,
1667900306.5150003,SCAI-SENSEI,sensei-103,Sensomative_3001,10,0,0,0,2,0,0,6,0,1,0,0,11,Sensomative_3755,0,0,0,0,0,0,0,0,0,0,0,0,179,30,2022-11-08 09:38:26.515000343,
1667900306.5977938,SCAI-SENSEI,sensei-103,Sensomative_3001,10,0,0,0,2,0,0,6,0,1,0,0,12,Sensomative_3755,0,0,0,0,0,0,0,0,0,0,0,0,180,31,2022-11-08 09:38:26.597793818,
1667900306.7135055,SCAI-SENSEI,sensei-103,Sensomative_3001,10,0,0,0,2,0,0,6,0,1,0,0,13,Sensomative_3755,0,0,0,0,0,0,0,0,0,0,0,0,181,32,2022-11-08 09:38:26.713505507,
1667900306.7962992,SCAI-SENSEI,sensei-103,Sensomative_3001,10,0,0,0,2,0,0,6,0,1,0,0,14,Sensomative_3755,0,0,0,0,0,0,0,0,0,0,0,0,182,33,2022-11-08 09:38:26.796299219,
1667900306.912011,SCAI-SENSEI,sensei-103,Sensomative_3001,10,0,0,0,2,0,0,6,0,1,0,0,15,Sensomative_3755,0,0,0,0,0,0,0,0,0,0,0,0,183,34,2022-11-08 09:38:26.912010908,
1667900306.9938068,SCAI-SENSEI,sensei-103,Sensomative_3001,10,0,0,0,2,0,0,6,0,1,0,0,16,Sensomative_3755,0,0,0,0,0,0,0,0,0,0,0,0,184,35,2022-11-08 09:38:26.993806839,
1667900307.1095183,SCAI-SENSEI,sensei-103,Sensomative_3001,10,0,0,0,2,0,0,6,0,1,0,0,17,Sensomative_3755,0,0,0,0,0,0,0,0,0,0,0,0,185,36,2022-11-08 09:38:27.109518290,
1667900307.1933095,SCAI-SENSEI,sensei-103,Sensomative_3001,10,0,0,0,2,0,0,6,0,1,0,0,18,Sensomative_3755,0,0,0,0,0,0,0,0,0,0,0,0,186,37,2022-11-08 09:38:27.193309546,
1667900307.3080237,SCAI-SENSEI,sensei-103,Sensomative_3001,10,0,0,0,2,0,0,6,0,1,0,0,19,Sensomative_3755,0,0,0,0,0,0,0,0,0,0,0,0,187,38,2022-11-08 09:38:27.308023691,
1667900307.3908174,SCAI-SENSEI,sensei-103,Sensomative_3001,10,0,0,0,2,0,0,6,0,1,0,0,20,Sensomative_3755,0,0,0,0,0,0,0,0,0,0,0,0,188,39,2022-11-08 09:38:27.390817404,
1667900307.5065289,SCAI-SENSEI,sensei-103,Sensomative_3001,10,0,0,0,2,0,0,6,0,1,0,0,21,Sensomative_3755,0,0,0,0,0,0,0,0,0,0,0,0,189,40,2022-11-08 09:38:27.506528854,
1667900307.5893226,SCAI-SENSEI,sensei-103,Sensomative_3001,10,0,0,0,2,0,0,6,0,1,0,0,22,Sensomative_3755,0,0,0,0,0,0,0,0,0,0,0,0,190,41,2022-11-08 09:38:27.589322567,
1667900307.7050345,SCAI-SENSEI,sensei-103,Sensomative_3001,10,0,0,0,2,0,0,6,0,1,0,0,23,Sensomative_3755,0,0,0,0,0,0,0,0,0,0,0,0,191,42,2022-11-08 09:38:27.705034494,
1667900307.7868304,SCAI-SENSEI,sensei-103,Sensomative_3001,10,0,0,0,2,0,0,6,0,1,0,0,24,Sensomative_3755,0,0,0,0,0,0,0,0,0,0,0,0,192,43,2022-11-08 09:38:27.786830425,
1667900307.902542,SCAI-SENSEI,sensei-103,Sensomative_3001,10,0,0,0,2,0,0,6,0,1,0,0,25,Sensomative_3755,0,0,0,0,0,0,0,0,0,0,0,0,193,44,2022-11-08 09:38:27.902542114,
1667900307.9863331,SCAI-SENSEI,sensei-103,Sensomative_3001,10,0,0,0,2,0,0,6,0,1,0,0,26,Sensomative_3755,0,0,0,0,0,0,0,0,0,0,0,0,194,45,2022-11-08 09:38:27.986333132,
1667900308.1020446,SCAI-SENSEI,sensei-103,Sensomative_3001,10,0,0,0,2,0,0,6,0,1,0,0,27,Sensomative_3755,0,0,0,0,0,0,0,0,0,0,0,0,195,46,2022-11-08 09:38:28.102044582,
1667900308.1848383,SCAI-SENSEI,sensei-103,Sensomative_3001,10,0,0,0,2,0,0,7,0,1,0,0,28,Sensomative_3755,0,0,0,0,0,0,0,0,0,0,0,0,196,48,2022-11-08 09:38:28.184838295,
1667900308.31651,SCAI-SENSEI,sensei-103,Sensomative_3001,10,0,0,0,2,0,0,6,0,1,0,0,29,Sensomative_3755,0,0,0,0,0,0,0,0,0,0,0,0,197,48,2022-11-08 09:38:28.316509962,
1667900308.382346,SCAI-SENSEI,sensei-103,Sensomative_3001,10,0,0,0,2,0,0,6,0,1,0,0,30,Sensomative_3755,0,0,0,0,0,0,0,0,0,0,0,0,198,49,2022-11-08 09:38:28.382345915,
1667900308.5150154,SCAI-SENSEI,sensei-103,Sensomative_3001,10,0,0,0,2,0,0,6,0,1,0,0,31,Sensomative_3755,0,0,0,0,0,0,0,0,0,0,0,0,199,50,2022-11-08 09:38:28.515015364,
1667900308.5808513,SCAI-SENSEI,sensei-103,Sensomative_3001,9,0,0,0,2,0,0,7,0,1,0,0,32,Sensomative_3755,0,0,0,0,0,0,0,0,0,0,0,0,200,51,2022-11-08 09:38:28.580851316,
1667900308.712523,SCAI-SENSEI,sensei-103,Sensomative_3001,10,0,0,0,2,0,0,6,0,1,0,0,33,Sensomative_3755,0,0,0,0,0,0,0,0,0,0,0,0,201,52,2022-11-08 09:38:28.712522984,
1667900308.7953165,SCAI-SENSEI,sensei-103,Sensomative_3001,10,0,0,0,2,0,0,7,0,1,0,0,34,Sensomative_3755,0,0,0,0,0,0,0,0,0,0,0,0,202,54,2022-11-08 09:38:28.795316458,
1667900308.911028,SCAI-SENSEI,sensei-103,Sensomative_3001,10,0,0,0,2,0,0,6,0,1,0,0,35,Sensomative_3755,0,0,0,0,0,0,0,0,0,0,0,0,203,54,2022-11-08 09:38:28.911027908,
1667900308.993822,SCAI-SENSEI,sensei-103,Sensomative_3001,10,0,0,0,2,0,0,7,0,1,0,0,36,Sensomative_3755,0,0,0,0,0,0,0,0,0,0,0,0,204,56,2022-11-08 09:38:28.993822098,
1667900309.1095335,SCAI-SENSEI,sensei-103,Sensomative_3001,9,0,0,0,2,0,0,7,0,1,0,0,37,Sensomative_3755,0,0,0,0,0,0,0,0,0,0,0,0,205,56,2022-11-08 09:38:29.109533548,
1667900309.1913297,SCAI-SENSEI,sensei-103,Sensomative_3001,9,0,0,0,2,0,0,6,0,1,0,0,38,Sensomative_3755,0,0,0,0,0,0,0,0,0,0,0,0,206,56,2022-11-08 09:38:29.191329718,
1667900309.3070412,SCAI-SENSEI,sensei-103,Sensomative_3001,9,0,0,0,2,0,0,7,0,1,0,0,39,Sensomative_3755,0,0,0,0,0,0,0,0,0,0,0,0,207,58,2022-11-08 09:38:29.307041168,
1667900309.3908324,SCAI-SENSEI,sensei-103,Sensomative_3001,9,0,0,0,2,0,0,7,0,1,0,0,40,Sensomative_3755,0,0,0,0,0,0,0,0,0,0,0,0,208,59,2022-11-08 09:38:29.390832424,
1667900309.5055463,SCAI-SENSEI,sensei-103,Sensomative_3001,9,0,0,0,2,0,0,7,0,1,0,0,41,Sensomative_3755,0,0,0,0,0,0,0,0,0,0,0,0,209,60,2022-11-08 09:38:29.505546331,
1667900309.5873425,SCAI-SENSEI,sensei-103,Sensomative_3001,9,0,0,0,2,0,0,6,0,1,0,0,42,Sensomative_3755,0,0,0,0,0,0,0,0,0,0,0,0,210,60,2022-11-08 09:38:29.587342501,
1667900309.7040515,SCAI-SENSEI,sensei-103,Sensomative_3001,9,0,0,0,2,0,0,6,0,1,0,0,43,Sensomative_3755,0,0,0,0,0,0,0,0,0,0,0,0,211,61,2022-11-08 09:38:29.704051495,
1667900309.8197632,SCAI-SENSEI,sensei-103,Sensomative_3001,9,0,0,0,2,0,0,7,0,1,0,0,44,Sensomative_3755,0,0,0,0,0,0,0,0,0,0,0,0,212,63,2022-11-08 09:38:29.819763184,
1667900309.902557,SCAI-SENSEI,sensei-103,Sensomative_3001,9,0,0,0,2,0,0,6,0,1,0,0,45,Sensomative_3755,0,0,0,0,0,0,0,0,0,0,0,0,213,63,2022-11-08 09:38:29.902556896,
1667900310.0182683,SCAI-SENSEI,sensei-103,Sensomative_3001,9,0,0,0,2,0,0,6,0,1,0,0,46,Sensomative_3755,0,0,0,0,0,0,0,0,0,0,0,0,214,64,2022-11-08 09:38:30.018268347,
1667900310.101062,SCAI-SENSEI,sensei-103,Sensomative_3001,9,0,0,0,2,0,0,7,0,1,0,0,47,Sensomative_3755,0,0,0,0,0,0,0,0,0,0,0,0,215,66,2022-11-08 09:38:30.101062059,
1667900310.2167735,SCAI-SENSEI,sensei-103,Sensomative_3001,9,0,0,0,2,0,0,6,0,1,0,0,48,Sensomative_3755,0,0,0,0,0,0,0,0,0,0,0,0,216,66,2022-11-08 09:38:30.216773510,
1667900310.2995672,SCAI-SENSEI,sensei-103,Sensomative_3001,9,0,0,0,2,0,0,6,0,1,0,0,49,Sensomative_3755,0,0,0,0,0,0,0,0,0,0,0,0,217,67,2022-11-08 09:38:30.299567223,
1667900310.415279,SCAI-SENSEI,sensei-103,Sensomative_3001,9,0,0,0,2,0,0,6,0,1,0,0,50,Sensomative_3755,0,0,0,0,0,0,0,0,0,0,0,0,218,68,2022-11-08 09:38:30.415278912,
1667900310.497075,SCAI-SENSEI,sensei-103,Sensomative_3001,9,0,0,0,2,0,0,6,0,1,0,0,51,Sensomative_3755,0,0,0,0,0,0,0,0,0,0,0,0,219,69,2022-11-08 09:38:30.497075081,
1667900310.6297443,SCAI-SENSEI,sensei-103,Sensomative_3001,9,0,0,0,2,0,0,6,0,1,0,0,52,Sensomative_3755,0,0,0,0,0,0,0,0,0,0,0,0,220,70,2022-11-08 09:38:30.629744291,
1667900310.69558,SCAI-SENSEI,sensei-103,Sensomative_3001,9,0,0,0,2,0,0,6,0,1,0,0,53,Sensomative_3755,0,0,0,0,0,0,0,0,0,0,0,0,221,71,2022-11-08 09:38:30.695580006,
1667900310.827252,SCAI-SENSEI,sensei-103,Sensomative_3001,9,0,0,0,2,0,0,6,0,1,0,0,54,Sensomative_3755,0,0,0,0,0,0,0,0,0,0,0,0,222,72,2022-11-08 09:38:30.827251911,
1667900310.9100456,SCAI-SENSEI,sensei-103,Sensomative_3001,9,0,0,0,2,0,0,6,0,1,0,0,55,Sensomative_3755,0,0,0,0,0,0,0,0,0,0,0,0,223,73,2022-11-08 09:38:30.910045624,
1667900311.0227647,SCAI-SENSEI,sensei-103,Sensomative_3001,9,0,0,0,2,0,0,7,0,1,0,0,56,Sensomative_3755,0,0,0,0,0,0,0,0,0,0,0,0,224,75,2022-11-08 09:38:31.022764683,
1667900311.0955832,SCAI-SENSEI,sensei-103,Sensomative_3001,9,0,0,0,2,0,0,6,0,1,0,0,57,Sensomative_3755,0,0,0,0,0,0,0,0,0,0,0,0,225,75,2022-11-08 09:38:31.095583200,
1667900311.2212698,SCAI-SENSEI,sensei-103,Sensomative_3001,9,0,0,0,2,0,0,6,0,1,0,0,58,Sensomative_3755,0,0,0,0,0,0,0,0,0,0,0,0,226,76,2022-11-08 09:38:31.221269846,
1667900311.3060584,SCAI-SENSEI,sensei-103,Sensomative_3001,9,0,0,0,2,0,0,6,0,1,0,0,59,Sensomative_3755,0,0,0,0,0,0,0,0,0,0,0,0,227,77,2022-11-08 09:38:31.306058407,
1667900311.4217703,SCAI-SENSEI,sensei-103,Sensomative_3001,9,0,0,0,2,0,0,6,0,1,0,0,60,Sensomative_3755,0,0,0,0,0,0,0,0,0,0,0,0,228,78,2022-11-08 09:38:31.421770334,
1667900311.5055614,SCAI-SENSEI,sensei-103,Sensomative_3001,9,0,0,0,2,0,0,6,0,1,0,0,61,Sensomative_3755,0,0,0,0,0,0,0,0,0,0,0,0,229,79,2022-11-08 09:38:31.505561351,
1667900311.6202753,SCAI-SENSEI,sensei-103,Sensomative_3001,9,0,0,0,2,0,0,6,0,1,0,0,62,Sensomative_3755,0,0,0,0,0,0,0,0,0,0,0,0,230,80,2022-11-08 09:38:31.620275259,
1667900311.703069,SCAI-SENSEI,sensei-103,Sensomative_3001,8,0,0,0,2,0,0,7,0,1,0,0,63,Sensomative_3755,0,0,0,0,0,0,0,0,0,0,0,0,231,81,2022-11-08 09:38:31.703068972,
1667900311.8197782,SCAI-SENSEI,sensei-103,Sensomative_3001,8,0,0,0,2,0,0,6,0,1,0,0,64,Sensomative_3755,0,0,0,0,0,0,0,0,0,0,0,0,232,81,2022-11-08 09:38:31.819778204,
1667900311.901574,SCAI-SENSEI,sensei-103,Sensomative_3001,8,0,0,0,2,0,0,6,0,1,0,0,65,Sensomative_3755,0,0,0,0,0,0,0,0,0,0,0,0,233,82,2022-11-08 09:38:31.901573896,
1667900312.0172858,SCAI-SENSEI,sensei-103,Sensomative_3001,8,0,0,0,2,0,0,7,0,1,0,0,66,Sensomative_3755,0,0,0,0,0,0,0,0,0,0,0,0,234,84,2022-11-08 09:38:32.017285824,
1667900312.101077,SCAI-SENSEI,sensei-103,Sensomative_3001,9,0,0,0,2,0,0,7,0,1,0,0,67,Sensomative_3755,0,0,0,0,0,0,0,0,0,0,0,0,235,86,2022-11-08 09:38:32.101077080,
1667900312.215791,SCAI-SENSEI,sensei-103,Sensomative_3001,8,0,0,0,2,0,0,6,0,1,0,0,68,Sensomative_3755,0,0,0,0,0,0,0,0,0,0,0,0,236,85,2022-11-08 09:38:32.215790987,
1667900312.2985847,SCAI-SENSEI,sensei-103,Sensomative_3001,8,0,0,0,2,0,0,6,0,1,0,0,69,Sensomative_3755,0,0,0,0,0,0,0,0,0,0,0,0,237,86,2022-11-08 09:38:32.298584700,
1667900312.4142962,SCAI-SENSEI,sensei-103,Sensomative_3001,9,0,0,0,2,0,0,7,0,1,0,0,70,Sensomative_3755,0,0,0,0,0,0,0,0,0,0,0,0,238,89,2022-11-08 09:38:32.414296150,
1667900312.4960923,SCAI-SENSEI,sensei-103,Sensomative_3001,9,0,0,0,2,0,0,6,0,1,0,0,71,Sensomative_3755,0,0,0,0,0,0,0,0,0,0,0,0,239,89,2022-11-08 09:38:32.496092319,
1667900312.6118038,SCAI-SENSEI,sensei-103,Sensomative_3001,8,0,0,0,2,0,0,6,0,1,0,0,72,Sensomative_3755,0,0,0,0,0,0,0,0,0,0,0,0,240,89,2022-11-08 09:38:32.611803770,
1667900312.6945975,SCAI-SENSEI,sensei-103,Sensomative_3001,9,0,0,0,2,0,0,7,0,1,0,0,73,Sensomative_3755,0,0,0,0,0,0,0,0,0,0,0,0,241,92,2022-11-08 09:38:32.694597483,
1667900312.8113067,SCAI-SENSEI,sensei-103,Sensomative_3001,9,0,0,0,2,0,0,7,0,1,0,0,74,Sensomative_3755,0,0,0,0,0,0,0,0,0,0,0,0,242,93,2022-11-08 09:38:32.811306715,
1667900312.9429784,SCAI-SENSEI,sensei-103,Sensomative_3001,9,0,0,0,2,0,0,7,0,1,0,0,75,Sensomative_3755,0,0,0,0,0,0,0,0,0,0,0,0,243,94,2022-11-08 09:38:32.942978382,
1667900313.0088143,SCAI-SENSEI,sensei-103,Sensomative_3001,9,0,0,0,2,0,0,6,0,1,0,0,76,Sensomative_3755,0,0,0,0,0,0,0,0,0,0,0,0,244,94,2022-11-08 09:38:33.008814335,
1667900313.140486,SCAI-SENSEI,sensei-103,Sensomative_3001,9,0,0,0,2,0,0,7,0,1,0,0,77,Sensomative_3755,0,0,0,0,0,0,0,0,0,0,0,0,245,96,2022-11-08 09:38:33.140486002,
1667900313.22328,SCAI-SENSEI,sensei-103,Sensomative_3001,8,0,0,0,2,0,0,6,0,1,0,0,78,Sensomative_3755,0,0,0,0,0,0,0,0,0,0,0,0,246,95,2022-11-08 09:38:33.223279953,
1667900313.3389914,SCAI-SENSEI,sensei-103,Sensomative_3001,8,0,0,0,2,0,0,7,0,1,0,0,79,Sensomative_3755,0,0,0,0,0,0,0,0,0,0,0,0,247,97,2022-11-08 09:38:33.338991404,
1667900313.4207876,SCAI-SENSEI,sensei-103,Sensomative_3001,8,0,0,0,2,0,0,6,0,1,0,0,80,Sensomative_3755,0,0,0,0,0,0,0,0,0,0,0,0,248,97,2022-11-08 09:38:33.420787573,
1667900313.536499,SCAI-SENSEI,sensei-103,Sensomative_3001,8,0,0,0,2,0,0,7,0,1,0,0,81,Sensomative_3755,0,0,0,0,0,0,0,0,0,0,0,0,249,99,2022-11-08 09:38:33.536499022,
1667900313.6212878,SCAI-SENSEI,sensei-103,Sensomative_3001,8,0,0,0,2,0,0,7,0,1,0,0,82,Sensomative_3755,0,0,0,0,0,0,0,0,0,0,0,0,250,100,2022-11-08 09:38:33.621287823,
1667900313.736002,SCAI-SENSEI,sensei-103,Sensomative_3001,8,0,0,0,2,0,0,7,0,1,0,0,83,Sensomative_3755,0,0,0,0,0,0,0,0,0,0,0,0,251,101,2022-11-08 09:38:33.736001968,
1667900313.8187954,SCAI-SENSEI,sensei-103,Sensomative_3001,9,0,0,0,2,0,0,7,0,1,0,0,84,Sensomative_3755,0,0,0,0,0,0,0,0,0,0,0,0,252,103,2022-11-08 09:38:33.818795443,
1667900313.934507,SCAI-SENSEI,sensei-103,Sensomative_3001,8,0,0,0,2,0,0,7,0,1,0,0,85,Sensomative_3755,0,0,0,0,0,0,0,0,0,0,0,0,253,103,2022-11-08 09:38:33.934506893,
1667900314.0173008,SCAI-SENSEI,sensei-103,Sensomative_3001,8,0,0,0,2,0,0,7,0,1,0,0,86,Sensomative_3755,0,0,0,0,0,0,0,0,0,0,0,0,254,104,2022-11-08 09:38:34.017300844,
1667900314.1320148,SCAI-SENSEI,sensei-103,Sensomative_3001,8,0,0,0,2,0,0,7,0,1,0,0,87,Sensomative_3755,0,0,0,0,0,0,0,0,0,0,0,0,255,105,2022-11-08 09:38:34.132014751,
1667900314.2148085,SCAI-SENSEI,sensei-103,Sensomative_3001,8,0,0,0,2,0,0,7,0,1,0,0,88,Sensomative_3755,0,0,0,0,0,0,0,0,0,0,0,0,0,106,2022-11-08 09:38:34.214808464,
1667900314.33052,SCAI-SENSEI,sensei-103,Sensomative_3001,8,0,0,0,2,0,0,6,0,1,0,0,89,Sensomative_3755,0,0,0,0,0,0,0,0,0,0,0,0,1,106,2022-11-08 09:38:34.330519915,
1667900314.4133136,SCAI-SENSEI,sensei-103,Sensomative_3001,8,0,0,0,2,0,0,6,0,1,0,0,90,Sensomative_3755,0,0,0,0,0,0,0,0,0,0,0,0,2,107,2022-11-08 09:38:34.413313627,
1667900314.5300229,SCAI-SENSEI,sensei-103,Sensomative_3001,8,0,0,0,2,0,0,7,0,1,0,0,91,Sensomative_3755,0,0,0,0,0,0,0,0,0,0,0,0,3,109,2022-11-08 09:38:34.530022860,
1667900314.6108212,SCAI-SENSEI,sensei-103,Sensomative_3001,8,0,0,0,2,0,0,6,0,1,0,0,92,Sensomative_3755,0,0,0,0,0,0,0,0,0,0,0,0,4,109,2022-11-08 09:38:34.610821247,
1667900314.7275305,SCAI-SENSEI,sensei-103,Sensomative_3001,8,0,0,0,2,0,0,7,0,1,0,0,93,Sensomative_3755,0,0,0,0,0,0,0,0,0,0,0,0,5,111,2022-11-08 09:38:34.727530479,
1667900314.810324,SCAI-SENSEI,sensei-103,Sensomative_3001,8,0,0,0,2,0,0,6,0,1,0,0,94,Sensomative_3755,0,0,0,0,0,0,0,0,0,0,0,0,6,111,2022-11-08 09:38:34.810323954,
1667900314.9260356,SCAI-SENSEI,sensei-103,Sensomative_3001,8,0,0,0,2,0,0,7,0,1,0,0,95,Sensomative_3755,0,0,0,0,0,0,0,0,0,0,0,0,7,113,2022-11-08 09:38:34.926035643,
1667900315.0078316,SCAI-SENSEI,sensei-103,Sensomative_3001,8,0,0,0,2,0,0,6,0,1,0,0,96,Sensomative_3755,0,0,0,0,0,0,0,0,0,0,0,0,8,113,2022-11-08 09:38:35.007831573,
1667900315.1245408,SCAI-SENSEI,sensei-103,Sensomative_3001,8,0,0,0,2,0,0,7,0,1,0,0,97,Sensomative_3755,0,0,0,0,0,0,0,0,0,0,0,0,9,115,2022-11-08 09:38:35.124540806,
1667900315.2073345,SCAI-SENSEI,sensei-103,Sensomative_3001,8,0,0,0,2,0,0,7,0,1,0,0,98,Sensomative_3755,0,0,0,0,0,0,0,0,0,0,0,0,10,116,2022-11-08 09:38:35.207334518,
1667900315.3390062,SCAI-SENSEI,sensei-103,Sensomative_3001,8,0,0,0,2,0,0,6,0,1,0,0,99,Sensomative_3755,0,0,0,0,0,0,0,0,0,0,0,0,11,116,2022-11-08 09:38:35.339006186,
1667900315.404842,SCAI-SENSEI,sensei-103,Sensomative_3001,8,0,0,0,2,0,0,7,0,1,0,0,100,Sensomative_3755,0,0,0,0,0,0,0,0,0,0,0,0,12,118,2022-11-08 09:38:35.404841900,
1667900315.5355165,SCAI-SENSEI,sensei-103,Sensomative_3001,8,0,0,0,2,0,0,6,0,1,0,0,101,Sensomative_3755,0,0,0,0,0,0,0,0,0,0,0,0,13,118,2022-11-08 09:38:35.535516499,
1667900315.60235,SCAI-SENSEI,sensei-103,Sensomative_3001,8,0,0,0,2,0,0,7,0,1,0,0,102,Sensomative_3755,0,0,0,0,0,0,0,0,0,0,0,0,14,120,2022-11-08 09:38:35.602349997,
1667900315.7350192,SCAI-SENSEI,sensei-103,Sensomative_3001,8,0,0,0,2,0,0,7,0,1,0,0,103,Sensomative_3755,0,0,0,0,0,0,0,0,0,0,0,0,15,121,2022-11-08 09:38:35.735019207,
1667900315.817813,SCAI-SENSEI,sensei-103,Sensomative_3001,8,0,0,0,2,0,0,6,0,1,0,0,104,Sensomative_3755,0,0,0,0,0,0,0,0,0,0,0,0,16,121,2022-11-08 09:38:35.817812920,
1667900315.9335244,SCAI-SENSEI,sensei-103,Sensomative_3001,8,0,0,0,2,0,0,7,0,1,0,0,105,Sensomative_3755,0,0,0,0,0,0,0,0,0,0,0,0,17,123,2022-11-08 09:38:35.933524370,
1667900316.016318,SCAI-SENSEI,sensei-103,Sensomative_3001,8,0,0,0,2,0,0,6,0,1,0,0,106,Sensomative_3755,0,0,0,0,0,0,0,0,0,0,0,0,18,123,2022-11-08 09:38:36.016318083,
1667900316.1290371,SCAI-SENSEI,sensei-103,Sensomative_3001,8,0,0,0,2,0,0,6,0,1,0,0,107,Sensomative_3755,0,0,0,0,0,0,0,0,0,0,0,0,19,124,2022-11-08 09:38:36.129037142,
1667900316.2467437,SCAI-SENSEI,sensei-103,Sensomative_3001,8,0,0,0,2,0,0,6,0,1,0,0,108,Sensomative_3755,0,0,0,0,0,0,0,0,0,0,0,0,20,125,2022-11-08 09:38:36.246743679,
1667900316.3285398,SCAI-SENSEI,sensei-103,Sensomative_3001,8,0,0,0,2,0,0,6,0,1,0,0,109,Sensomative_3755,0,0,0,0,0,0,0,0,0,0,0,0,21,126,2022-11-08 09:38:36.328539848,
1667900316.4452488,SCAI-SENSEI,sensei-103,Sensomative_3001,8,0,0,0,2,0,0,6,0,1,0,0,110,Sensomative_3755,0,0,0,0,0,0,0,0,0,0,0,0,22,127,2022-11-08 09:38:36.445248842,
1667900316.527045,SCAI-SENSEI,sensei-103,Sensomative_3001,8,0,0,0,2,0,0,6,0,1,0,0,111,Sensomative_3755,0,0,0,0,0,0,0,0,0,0,0,0,23,128,2022-11-08 09:38:36.527045012,
1667900316.6437542,SCAI-SENSEI,sensei-103,Sensomative_3001,8,0,0,0,2,0,0,6,0,1,0,0,112,Sensomative_3755,0,0,0,0,0,0,0,0,0,0,0,0,24,129,2022-11-08 09:38:36.643754244,
1667900316.7265477,SCAI-SENSEI,sensei-103,Sensomative_3001,8,0,0,0,2,0,0,6,0,1,0,0,113,Sensomative_3755,0,0,0,0,0,0,0,0,0,0,0,0,25,130,2022-11-08 09:38:36.726547718,
1667900316.843257,SCAI-SENSEI,sensei-103,Sensomative_3001,8,0,0,0,2,0,0,6,0,1,0,0,114,Sensomative_3755,0,0,0,0,0,0,0,0,0,0,0,0,26,131,2022-11-08 09:38:36.843256950,
1667900316.9250531,SCAI-SENSEI,sensei-103,Sensomative_3001,8,0,0,0,2,0,0,6,0,1,0,0,115,Sensomative_3755,0,0,0,0,0,0,0,0,0,0,0,0,27,132,2022-11-08 09:38:36.925053120,
1667900317.0397673,SCAI-SENSEI,sensei-103,Sensomative_3001,8,0,0,0,2,0,0,6,0,1,0,0,116,Sensomative_3755,0,0,0,0,0,0,0,0,0,0,0,0,28,133,2022-11-08 09:38:37.039767265,
1667900317.1225607,SCAI-SENSEI,sensei-103,Sensomative_3001,8,0,0,0,2,0,0,6,0,1,0,0,117,Sensomative_3755,0,0,0,0,0,0,0,0,0,0,0,0,29,134,2022-11-08 09:38:37.122560740,
1667900317.2382724,SCAI-SENSEI,sensei-103,Sensomative_3001,8,0,0,0,2,0,0,6,0,1,0,0,118,Sensomative_3755,0,0,0,0,0,0,0,0,0,0,0,0,30,135,2022-11-08 09:38:37.238272429,
1667900317.3220637,SCAI-SENSEI,sensei-103,Sensomative_3001,8,0,0,0,2,0,0,6,0,1,0,0,119,Sensomative_3755,0,0,0,0,0,0,0,0,0,0,0,0,31,136,2022-11-08 09:38:37.322063684,
1667900317.4527376,SCAI-SENSEI,sensei-103,Sensomative_3001,8,0,0,0,2,0,0,6,0,1,0,0,120,Sensomative_3755,0,0,0,0,0,0,0,0,0,0,0,0,32,137,2022-11-08 09:38:37.452737570,
1667900317.5195713,SCAI-SENSEI,sensei-103,Sensomative_3001,8,0,0,0,2,0,0,6,0,1,0,0,121,Sensomative_3755,0,0,0,0,0,0,0,0,0,0,0,0,33,138,2022-11-08 09:38:37.519571303,
1667900317.6522405,SCAI-SENSEI,sensei-103,Sensomative_3001,8,0,0,0,2,0,0,6,0,1,0,0,122,Sensomative_3755,0,0,0,0,0,0,0,0,0,0,0,0,34,139,2022-11-08 09:38:37.652240515,
1667900317.719074,SCAI-SENSEI,sensei-103,Sensomative_3001,8,0,0,0,2,0,0,6,0,1,0,0,123,Sensomative_3755,0,0,0,0,0,0,0,0,0,0,0,0,35,140,2022-11-08 09:38:37.719074011,
1667900317.850746,SCAI-SENSEI,sensei-103,Sensomative_3001,8,0,0,0,2,0,0,6,0,1,0,0,124,Sensomative_3755,0,0,0,0,0,0,0,0,0,0,0,0,36,141,2022-11-08 09:38:37.850745916,
1667900317.9325418,SCAI-SENSEI,sensei-103,Sensomative_3001,8,0,0,0,2,0,0,6,0,1,0,0,125,Sensomative_3755,0,0,0,0,0,0,0,0,0,0,0,0,37,142,2022-11-08 09:38:37.932541847,
1667900318.0482535,SCAI-SENSEI,sensei-103,Sensomative_3001,8,0,0,0,3,0,0,6,0,1,0,0,126,Sensomative_3755,0,0,0,0,0,0,0,0,0,0,0,0,38,144,2022-11-08 09:38:38.048253536,
1667900318.131047,SCAI-SENSEI,sensei-103,Sensomative_3001,8,0,0,0,2,0,0,6,0,1,0,0,127,Sensomative_3755,0,0,0,0,0,0,0,0,0,0,0,0,39,144,2022-11-08 09:38:38.131047009,
1667900318.2467585,SCAI-SENSEI,sensei-103,Sensomative_3001,7,0,0,0,2,0,0,6,0,1,0,0,128,Sensomative_3755,0,0,0,0,0,0,0,0,0,0,0,0,40,144,2022-11-08 09:38:38.246758461,
1667900318.327557,SCAI-SENSEI,sensei-103,Sensomative_3001,7,0,0,0,2,0,0,6,0,1,0,0,129,Sensomative_3755,0,0,0,0,0,0,0,0,0,0,0,0,41,145,2022-11-08 09:38:38.327557087,
1667900318.4432688,SCAI-SENSEI,sensei-103,Sensomative_3001,7,0,0,0,2,0,0,6,0,1,0,0,130,Sensomative_3755,0,0,0,0,0,0,0,0,0,0,0,0,42,146,2022-11-08 09:38:38.443268776,
1667900318.52706,SCAI-SENSEI,sensei-103,Sensomative_3001,7,0,0,0,2,0,0,6,0,1,0,0,131,Sensomative_3755,0,0,0,0,0,0,0,0,0,0,0,0,43,147,2022-11-08 09:38:38.527060031,
1667900318.643769,SCAI-SENSEI,sensei-103,Sensomative_3001,7,0,0,0,2,0,0,6,0,1,0,0,132,Sensomative_3755,0,0,0,0,0,0,0,0,0,0,0,0,44,148,2022-11-08 09:38:38.643769026,
1667900318.7265627,SCAI-SENSEI,sensei-103,Sensomative_3001,8,0,0,0,2,0,0,6,0,1,0,0,133,Sensomative_3755,0,0,0,0,0,0,0,0,0,0,0,0,45,150,2022-11-08 09:38:38.726562738,
1667900318.8422744,SCAI-SENSEI,sensei-103,Sensomative_3001,7,0,0,0,2,0,0,6,0,1,0,0,134,Sensomative_3755,0,0,0,0,0,0,0,0,0,0,0,0,46,150,2022-11-08 09:38:38.842274427,
1667900318.9240706,SCAI-SENSEI,sensei-103,Sensomative_3001,8,0,0,0,2,0,0,6,0,1,0,0,135,Sensomative_3755,0,0,0,0,0,0,0,0,0,0,0,0,47,152,2022-11-08 09:38:38.924070597,
1667900319.0387845,SCAI-SENSEI,sensei-103,Sensomative_3001,8,0,0,0,3,0,0,6,0,1,0,0,136,Sensomative_3755,0,0,0,0,0,0,0,0,0,0,0,0,48,154,2022-11-08 09:38:39.038784504,
1667900319.1225755,SCAI-SENSEI,sensei-103,Sensomative_3001,8,0,0,0,2,0,0,6,0,1,0,0,137,Sensomative_3755,0,0,0,0,0,0,0,0,0,0,0,0,49,154,2022-11-08 09:38:39.122575521,
1667900319.2382874,SCAI-SENSEI,sensei-103,Sensomative_3001,8,0,0,0,3,0,0,6,0,1,0,0,138,Sensomative_3755,0,0,0,0,0,0,0,0,0,0,0,0,50,156,2022-11-08 09:38:39.238287449,
1667900319.3589864,SCAI-SENSEI,sensei-103,Sensomative_3001,8,0,0,0,2,0,0,6,0,1,0,0,139,Sensomative_3755,0,0,0,0,0,0,0,0,0,0,0,0,51,156,2022-11-08 09:38:39.358986378,
1667900319.435795,SCAI-SENSEI,sensei-103,Sensomative_3001,8,0,0,0,3,0,0,6,0,1,0,0,140,Sensomative_3755,0,0,0,0,0,0,0,0,0,0,0,0,52,158,2022-11-08 09:38:39.435795069,
1667900319.5684645,SCAI-SENSEI,sensei-103,Sensomative_3001,8,0,0,0,3,0,0,6,0,1,0,0,141,Sensomative_3755,0,0,0,0,0,0,0,0,0,0,0,0,53,159,2022-11-08 09:38:39.568464518,
1667900319.6343002,SCAI-SENSEI,sensei-103,Sensomative_3001,8,0,0,0,3,0,0,6,0,1,0,0,142,Sensomative_3755,0,0,0,0,0,0,0,0,0,0,0,0,54,160,2022-11-08 09:38:39.634300232,
1667900319.7530046,SCAI-SENSEI,sensei-103,Sensomative_3001,8,0,0,0,3,0,0,6,0,1,0,0,143,Sensomative_3755,0,0,0,0,0,0,0,0,0,0,0,0,55,161,2022-11-08 09:38:39.753004551,
1667900319.8328054,SCAI-SENSEI,sensei-103,Sensomative_3001,8,0,0,0,3,0,0,6,0,1,0,0,144,Sensomative_3755,0,0,0,0,0,0,0,0,0,0,0,0,56,162,2022-11-08 09:38:39.832805395,
1667900319.9654746,SCAI-SENSEI,sensei-103,Sensomative_3001,8,0,0,0,2,0,0,6,0,1,0,0,145,Sensomative_3755,0,0,0,0,0,0,0,0,0,0,0,0,57,162,2022-11-08 09:38:39.965474606,
1667900320.0482683,SCAI-SENSEI,sensei-103,Sensomative_3001,8,0,0,0,3,0,0,7,0,1,0,0,146,Sensomative_3755,0,0,0,0,0,0,0,0,0,0,0,0,58,165,2022-11-08 09:38:40.048268318,
1667900320.1629825,SCAI-SENSEI,sensei-103,Sensomative_3001,8,0,0,0,3,0,0,7,0,1,0,0,147,Sensomative_3755,0,0,0,0,0,0,0,0,0,0,0,0,59,166,2022-11-08 09:38:40.162982464,
1667900320.2457762,SCAI-SENSEI,sensei-103,Sensomative_3001,7,0,0,0,3,0,0,6,0,1,0,0,148,Sensomative_3755,0,0,0,0,0,0,0,0,0,0,0,0,60,165,2022-11-08 09:38:40.245776176,
1667900320.3604903,SCAI-SENSEI,sensei-103,Sensomative_3001,8,0,0,0,3,0,0,6,0,1,0,0,149,Sensomative_3755,0,0,0,0,0,0,0,0,0,0,0,0,61,167,2022-11-08 09:38:40.360490322,
1667900320.444281,SCAI-SENSEI,sensei-103,Sensomative_3001,8,0,0,0,3,0,0,6,0,1,0,0,150,Sensomative_3755,0,0,0,0,0,0,0,0,0,0,0,0,62,168,2022-11-08 09:38:40.444281101,
1667900320.5599928,SCAI-SENSEI,sensei-103,Sensomative_3001,8,0,0,0,2,0,0,6,0,1,0,0,151,Sensomative_3755,0,0,0,0,0,0,0,0,0,0,0,0,63,168,2022-11-08 09:38:40.559992790,
1667900320.641789,SCAI-SENSEI,sensei-103,Sensomative_3001,8,0,0,0,3,0,0,6,0,1,0,0,152,Sensomative_3755,0,0,0,0,0,0,0,0,0,0,0,0,63,170,2022-11-08 09:38:40.641788960,
1667900320.7584982,SCAI-SENSEI,sensei-103,Sensomative_3001,7,0,0,0,3,0,0,6,0,1,0,0,153,Sensomative_3755,0,0,0,0,0,0,0,0,0,0,0,0,65,170,2022-11-08 09:38:40.758498192,
1667900320.8402944,SCAI-SENSEI,sensei-103,Sensomative_3001,7,0,0,0,3,0,0,6,0,1,0,0,154,Sensomative_3755,0,0,0,0,0,0,0,0,0,0,0,0,66,171,2022-11-08 09:38:40.840294361,
1667900320.9560058,SCAI-SENSEI,sensei-103,Sensomative_3001,7,0,0,0,3,0,0,6,0,1,0,0,155,Sensomative_3755,0,0,0,0,0,0,0,0,0,0,0,0,67,172,2022-11-08 09:38:40.956005812,
1667900321.037802,SCAI-SENSEI,sensei-103,Sensomative_3001,7,0,0,0,3,0,0,6,0,1,0,0,156,Sensomative_3755,0,0,0,0,0,0,0,0,0,0,0,0,68,173,2022-11-08 09:38:41.037801981,
1667900321.1545112,SCAI-SENSEI,sensei-103,Sensomative_3001,8,0,0,0,3,0,0,6,0,1,0,0,157,Sensomative_3755,0,0,0,0,0,0,0,0,0,0,0,0,69,175,2022-11-08 09:38:41.154511213,
1667900321.2373047,SCAI-SENSEI,sensei-103,Sensomative_3001,7,0,0,0,3,0,0,6,0,1,0,0,158,Sensomative_3755,0,0,0,0,0,0,0,0,0,0,0,0,70,175,2022-11-08 09:38:41.237304688,
1667900321.353016,SCAI-SENSEI,sensei-103,Sensomative_3001,7,0,0,0,3,0,0,6,0,1,0,0,159,Sensomative_3755,0,0,0,0,0,0,0,0,0,0,0,0,71,176,2022-11-08 09:38:41.353015900,
1667900321.4348123,SCAI-SENSEI,sensei-103,Sensomative_3001,7,0,0,0,3,0,0,6,0,1,0,0,160,Sensomative_3755,0,0,0,0,0,0,0,0,0,0,0,0,72,177,2022-11-08 09:38:41.434812307,
1667900321.552519,SCAI-SENSEI,sensei-103,Sensomative_3001,7,0,0,0,2,0,0,6,0,1,0,0,161,Sensomative_3755,0,0,0,0,0,0,0,0,0,0,0,0,73,177,2022-11-08 09:38:41.552519083,
1667900321.6313226,SCAI-SENSEI,sensei-103,Sensomative_3001,7,0,0,0,3,0,0,5,0,1,0,0,162,Sensomative_3755,0,0,0,0,0,0,0,0,0,0,0,0,74,178,2022-11-08 09:38:41.631322622,
1667900321.7490292,SCAI-SENSEI,sensei-103,Sensomative_3001,7,0,0,0,3,0,0,5,0,1,0,0,163,Sensomative_3755,0,0,0,0,0,0,0,0,0,0,0,0,75,179,2022-11-08 09:38:41.749029160,
1667900321.8318229,SCAI-SENSEI,sensei-103,Sensomative_3001,8,0,0,0,3,0,0,5,0,1,0,0,164,Sensomative_3755,0,0,0,0,0,0,0,0,0,0,0,0,76,181,2022-11-08 09:38:41.831822872,
1667900321.948532,SCAI-SENSEI,sensei-103,Sensomative_3001,10,0,0,0,2,0,0,6,0,1,0,0,165,Sensomative_3755,0,0,0,0,0,0,0,0,0,0,0,0,77,184,2022-11-08 09:38:41.948532104,
1667900322.0303285,SCAI-SENSEI,sensei-103,Sensomative_3001,66,0,0,0,0,0,0,1,0,0,0,86,166,Sensomative_3755,0,0,0,0,0,0,0,0,0,0,0,0,78,319,2022-11-08 09:38:42.030328512,
1667900322.162,SCAI-SENSEI,sensei-103,Sensomative_3001,90,0,76,0,33,3,9,2,0,30,9,154,167,Sensomative_3755,0,0,0,0,0,0,0,0,0,0,0,0,79,573,2022-11-08 09:38:42.161999941,1.0
1667900322.2298307,SCAI-SENSEI,sensei-103,Sensomative_3001,19,0,46,0,111,13,30,61,10,7,0,70,168,Sensomative_3755,0,0,0,0,0,0,0,0,0,0,0,0,80,535,2022-11-08 09:38:42.229830742,
1667900322.360505,SCAI-SENSEI,sensei-103,Sensomative_3001,16,0,34,0,113,10,49,90,20,23,0,50,169,Sensomative_3755,0,0,0,0,0,0,0,0,0,0,0,0,81,574,2022-11-08 09:38:42.360505104,
1667900322.4762166,SCAI-SENSEI,sensei-103,Sensomative_3001,26,0,46,0,129,16,71,120,33,27,5,67,170,Sensomative_3755,3,0,0,0,0,0,0,0,0,0,0,0,82,710,2022-11-08 09:38:42.476216555,
1667900322.5590105,SCAI-SENSEI,sensei-103,Sensomative_3001,49,0,58,4,127,8,65,123,53,31,17,80,171,Sensomative_3755,0,0,0,7,10,0,28,0,16,0,0,1,83,786,2022-11-08 09:38:42.559010506,
1667900322.674722,SCAI-SENSEI,sensei-103,Sensomative_3001,54,0,55,6,103,5,34,88,54,31,30,99,172,Sensomative_3755,0,0,1,7,7,0,26,0,18,0,0,0,84,731,2022-11-08 09:38:42.674721956,
1667900322.754523,SCAI-SENSEI,sensei-103,Sensomative_3001,57,0,51,6,91,6,25,77,52,30,30,111,173,Sensomative_3755,0,0,0,5,4,0,10,0,11,0,0,0,85,709,2022-11-08 09:38:42.754523039,
1667900322.8722296,SCAI-SENSEI,sensei-103,Sensomative_3001,63,0,55,8,92,6,25,80,55,31,26,115,174,Sensomative_3755,0,0,0,3,7,0,10,0,9,0,0,0,86,730,2022-11-08 09:38:42.872229576,
1667900322.9560208,SCAI-SENSEI,sensei-103,Sensomative_3001,65,0,56,9,95,6,25,80,55,30,26,114,175,Sensomative_3755,0,0,0,3,9,0,11,0,9,0,0,0,87,736,2022-11-08 09:38:42.956020832,
1667900323.0717323,SCAI-SENSEI,sensei-103,Sensomative_3001,64,0,57,9,95,7,23,77,56,29,24,113,176,Sensomative_3755,0,0,0,3,9,0,11,0,7,0,0,0,88,730,2022-11-08 09:38:43.071732283,
1667900323.1535285,SCAI-SENSEI,sensei-103,Sensomative_3001,64,0,58,10,99,7,25,78,55,29,23,112,177,Sensomative_3755,0,0,0,3,11,0,11,0,8,0,0,0,89,737,2022-11-08 09:38:43.153528452,
1667900323.2702374,SCAI-SENSEI,sensei-103,Sensomative_3001,64,0,58,10,99,7,25,80,56,28,23,113,178,Sensomative_3755,0,0,0,4,12,0,9,0,9,0,0,0,90,741,2022-11-08 09:38:43.270237446,
1667900323.351036,SCAI-SENSEI,sensei-103,Sensomative_3001,64,0,58,11,99,7,25,81,56,28,23,112,179,Sensomative_3755,0,0,0,4,11,0,8,0,8,0,0,0,91,743,2022-11-08 09:38:43.351036072,
1667900323.4687428,SCAI-SENSEI,sensei-103,Sensomative_3001,64,0,58,11,100,7,25,82,57,28,23,113,180,Sensomative_3755,0,0,0,4,10,0,9,0,7,0,0,0,92,748,2022-11-08 09:38:43.468742847,
1667900323.548544,SCAI-SENSEI,sensei-103,Sensomative_3001,64,0,58,11,101,7,26,81,57,28,24,112,181,Sensomative_3755,0,0,0,4,9,0,9,0,8,0,0,0,93,750,2022-11-08 09:38:43.548543930,
1667900323.6662505,SCAI-SENSEI,sensei-103,Sensomative_3001,64,0,58,11,101,7,26,82,57,27,24,112,182,Sensomative_3755,0,0,0,4,10,0,9,0,8,0,0,0,94,751,2022-11-08 09:38:43.666250467,
1667900323.749044,SCAI-SENSEI,sensei-103,Sensomative_3001,65,0,58,12,101,7,25,83,57,27,24,112,183,Sensomative_3755,0,0,0,4,10,0,9,0,8,0,0,0,95,754,2022-11-08 09:38:43.749043941,
1667900323.863758,SCAI-SENSEI,sensei-103,Sensomative_3001,64,0,58,12,102,7,25,83,57,27,24,113,184,Sensomative_3755,0,0,0,4,10,0,9,0,8,0,0,0,96,756,2022-11-08 09:38:43.863758087,
1667900323.9964275,SCAI-SENSEI,sensei-103,Sensomative_3001,65,0,59,12,102,7,26,83,58,27,24,113,185,Sensomative_3755,0,0,0,4,9,0,9,0,7,0,0,0,97,761,2022-11-08 09:38:43.996427536,
1667900324.0622635,SCAI-SENSEI,sensei-103,Sensomative_3001,64,0,59,12,102,7,26,83,58,27,23,113,186,Sensomative_3755,0,0,0,4,10,0,9,0,7,0,0,0,98,760,2022-11-08 09:38:44.062263489,
1667900324.145057,SCAI-SENSEI,sensei-103,Sensomative_3001,65,0,59,12,102,6,26,83,58,27,24,113,187,Sensomative_3755,0,0,0,4,9,0,9,0,8,0,0,0,99,762,2022-11-08 09:38:44.145056963,
1667900324.2617662,SCAI-SENSEI,sensei-103,Sensomative_3001,65,0,59,12,102,7,26,83,58,27,24,113,188,Sensomative_3755,0,0,0,4,9,0,9,0,7,0,0,0,100,764,2022-11-08 09:38:44.261766194,
1667900324.34456,SCAI-SENSEI,sensei-103,Sensomative_3001,65,0,59,13,102,7,26,83,58,26,24,113,189,Sensomative_3755,0,0,0,3,8,0,9,0,7,0,0,0,101,765,2022-11-08 09:38:44.344559908,
1667900324.4762316,SCAI-SENSEI,sensei-103,Sensomative_3001,65,0,59,13,102,7,26,83,58,26,24,113,190,Sensomative_3755,0,0,0,4,9,0,8,0,7,0,0,0,102,766,2022-11-08 09:38:44.476231575,
1667900324.54107,SCAI-SENSEI,sensei-103,Sensomative_3001,65,0,59,12,102,6,26,82,58,26,23,113,191,Sensomative_3755,0,0,0,4,9,0,7,0,7,0,0,0,103,763,2022-11-08 09:38:44.541069984,
1667900324.672742,SCAI-SENSEI,sensei-103,Sensomative_3001,65,0,59,13,100,6,26,82,58,26,24,114,192,Sensomative_3755,0,0,0,4,8,0,7,0,7,0,0,0,104,765,2022-11-08 09:38:44.672741890,
1667900324.756533,SCAI-SENSEI,sensei-103,Sensomative_3001,65,0,58,13,100,6,25,81,58,25,24,115,193,Sensomative_3755,0,0,0,4,8,0,7,0,7,0,0,0,105,763,2022-11-08 09:38:44.756532907,
1667900324.8722446,SCAI-SENSEI,sensei-103,Sensomative_3001,65,0,59,13,100,6,24,80,58,25,24,117,194,Sensomative_3755,0,0,0,4,8,0,7,0,7,0,0,0,106,765,2022-11-08 09:38:44.872244596,
1667900324.955038,SCAI-SENSEI,sensei-103,Sensomative_3001,66,0,58,13,100,6,24,80,58,25,24,118,195,Sensomative_3755,0,0,0,4,7,0,8,0,6,0,0,0,107,767,2022-11-08 09:38:44.955038071,
1667900325.0707498,SCAI-SENSEI,sensei-103,Sensomative_3001,66,0,58,13,100,6,24,80,58,25,24,118,196,Sensomative_3755,0,0,0,4,6,0,8,0,7,0,0,0,108,768,2022-11-08 09:38:45.070749760,
1667900325.1535432,SCAI-SENSEI,sensei-103,Sensomative_3001,66,0,59,13,101,6,24,80,58,26,24,117,197,Sensomative_3755,0,0,0,4,7,0,7,0,7,0,0,0,109,771,2022-11-08 09:38:45.153543234,
1667900325.2682574,SCAI-SENSEI,sensei-103,Sensomative_3001,66,0,60,13,101,6,25,80,58,25,24,117,198,Sensomative_3755,0,0,0,4,6,0,7,0,7,0,0,0,110,773,2022-11-08 09:38:45.268257380,
1667900325.3520486,SCAI-SENSEI,sensei-103,Sensomative_3001,66,0,59,13,102,6,25,80,58,25,24,117,199,Sensomative_3755,0,0,0,3,6,0,7,0,6,0,0,0,111,774,2022-11-08 09:38:45.352048635,
1667900325.4667628,SCAI-SENSEI,sensei-103,Sensomative_3001,66,0,59,13,102,6,25,80,58,25,25,117,200,Sensomative_3755,0,0,0,3,6,0,7,0,7,0,0,0,112,776,2022-11-08 09:38:45.466762781,
1667900325.5495565,SCAI-SENSEI,sensei-103,Sensomative_3001,66,0,59,13,101,6,25,80,58,25,24,117,201,Sensomative_3755,0,0,0,3,6,0,7,0,6,0,0,0,113,775,2022-11-08 09:38:45.549556494,
1667900325.6652677,SCAI-SENSEI,sensei-103,Sensomative_3001,66,0,59,13,102,6,25,81,58,25,24,117,202,Sensomative_3755,0,0,0,3,6,0,7,0,6,0,0,0,114,778,2022-11-08 09:38:45.665267706,
1667900325.7809796,SCAI-SENSEI,sensei-103,Sensomative_3001,69,0,61,13,102,6,25,81,58,25,24,117,203,Sensomative_3755,0,0,0,3,6,0,7,0,6,0,0,0,115,784,2022-11-08 09:38:45.780979633,
1667900325.863773,SCAI-SENSEI,sensei-103,Sensomative_3001,66,0,59,13,102,6,25,81,58,24,24,117,204,Sensomative_3755,0,0,0,3,6,0,7,0,6,0,0,0,116,779,2022-11-08 09:38:45.863773108,
1667900325.9794848,SCAI-SENSEI,sensei-103,Sensomative_3001,66,0,59,13,102,6,25,81,59,25,24,118,205,Sensomative_3755,0,0,0,3,6,0,7,0,6,0,0,0,117,783,2022-11-08 09:38:45.979484797,
1667900326.0622785,SCAI-SENSEI,sensei-103,Sensomative_3001,65,0,59,13,102,5,25,81,59,25,24,117,206,Sensomative_3755,0,0,0,3,6,0,7,0,6,0,0,0,118,781,2022-11-08 09:38:46.062278509,
1667900326.17799,SCAI-SENSEI,sensei-103,Sensomative_3001,66,0,60,13,102,5,25,81,59,25,24,117,207,Sensomative_3755,0,0,0,3,6,0,7,0,6,0,0,0,119,784,2022-11-08 09:38:46.177989960,
1667900326.2607837,SCAI-SENSEI,sensei-103,Sensomative_3001,66,0,59,13,102,5,25,81,59,25,24,117,208,Sensomative_3755,0,0,0,3,6,0,7,0,6,0,0,0,120,784,2022-11-08 09:38:46.260783672,
1667900326.392455,SCAI-SENSEI,sensei-103,Sensomative_3001,66,0,60,13,102,6,25,81,59,25,24,117,209,Sensomative_3755,0,0,0,3,7,0,7,0,6,0,0,0,121,787,2022-11-08 09:38:46.392455101,
1667900326.4582913,SCAI-SENSEI,sensei-103,Sensomative_3001,66,0,60,13,102,6,25,81,59,25,24,117,210,Sensomative_3755,0,0,0,3,7,0,7,0,6,0,0,0,122,788,2022-11-08 09:38:46.458291292,
1667900326.5909605,SCAI-SENSEI,sensei-103,Sensomative_3001,66,0,60,13,102,6,25,81,58,25,24,117,211,Sensomative_3755,0,0,0,3,6,0,7,0,6,0,0,0,123,788,2022-11-08 09:38:46.590960503,
1667900326.672757,SCAI-SENSEI,sensei-103,Sensomative_3001,66,0,60,13,102,6,25,81,58,25,24,117,212,Sensomative_3755,0,0,0,3,6,0,7,0,6,0,0,0,124,789,2022-11-08 09:38:46.672756910,
1667900326.789466,SCAI-SENSEI,sensei-103,Sensomative_3001,66,0,59,13,103,6,25,82,59,25,24,117,213,Sensomative_3755,0,0,0,3,6,0,7,0,6,0,0,0,125,792,2022-11-08 09:38:46.789465904,
1667900326.871262,SCAI-SENSEI,sensei-103,Sensomative_3001,64,0,58,13,106,6,28,86,57,22,21,106,214,Sensomative_3755,0,0,0,3,3,0,8,0,5,0,0,0,126,781,2022-11-08 09:38:46.871262074,
1667900326.985976,SCAI-SENSEI,sensei-103,Sensomative_3001,54,0,58,10,123,10,47,103,56,19,12,82,215,Sensomative_3755,0,0,0,4,7,0,9,0,6,0,0,0,127,789,2022-11-08 09:38:46.985975981,
1667900327.069767,SCAI-SENSEI,sensei-103,Sensomative_3001,36,0,52,8,143,17,76,121,55,18,6,66,216,Sensomative_3755,0,0,0,4,7,0,9,0,6,0,0,0,127,814,2022-11-08 09:38:47.069766998,
1667900327.1834836,SCAI-SENSEI,sensei-103,Sensomative_3001,23,0,46,8,156,30,98,131,54,19,3,52,217,Sensomative_3755,0,0,0,1,0,0,0,0,0,0,0,0,129,837,2022-11-08 09:38:47.183483601,
1667900327.2672749,SCAI-SENSEI,sensei-103,Sensomative_3001,23,0,49,9,162,35,101,127,58,24,8,56,218,Sensomative_3755,0,0,0,0,0,0,0,0,0,0,0,0,130,870,2022-11-08 09:38:47.267274856,
1667900327.3829863,SCAI-SENSEI,sensei-103,Sensomative_3001,33,0,65,13,158,33,82,107,67,36,19,90,219,Sensomative_3755,0,0,0,0,0,0,0,0,0,0,0,0,131,922,2022-11-08 09:38:47.382986307,
1667900327.467775,SCAI-SENSEI,sensei-103,Sensomative_3001,54,0,87,20,95,8,17,58,73,55,50,147,220,Sensomative_3755,0,0,0,0,0,0,0,0,0,0,0,0,132,884,2022-11-08 09:38:47.467775106,
1667900327.5814917,SCAI-SENSEI,sensei-103,Sensomative_3001,73,12,44,24,31,0,11,22,39,22,42,163,221,Sensomative_3755,0,0,0,0,0,0,0,0,0,0,0,0,133,704,2022-11-08 09:38:47.581491709,
1667900327.6632876,SCAI-SENSEI,sensei-103,Sensomative_3001,68,8,13,19,23,0,11,16,27,9,24,101,222,Sensomative_3755,0,0,0,0,0,0,0,0,0,0,0,0,134,541,2022-11-08 09:38:47.663287640,
1667900327.7799969,SCAI-SENSEI,sensei-103,Sensomative_3001,39,6,9,13,16,0,9,12,17,10,14,38,223,Sensomative_3755,0,0,0,0,0,0,0,0,0,0,0,0,135,406,2022-11-08 09:38:47.779996872,
1667900327.8627906,SCAI-SENSEI,sensei-103,Sensomative_3001,26,4,6,9,12,1,6,11,10,7,11,14,224,Sensomative_3755,0,0,0,0,0,0,0,0,0,0,0,0,136,341,2022-11-08 09:38:47.862790585,
1667900327.978502,SCAI-SENSEI,sensei-103,Sensomative_3001,19,1,2,5,9,3,2,7,5,5,6,6,225,Sensomative_3755,0,0,0,0,0,0,0,0,0,0,0,0,137,295,2022-11-08 09:38:47.978502035,
1667900328.0602982,SCAI-SENSEI,sensei-103,Sensomative_3001,18,1,0,3,6,0,0,6,1,4,3,2,226,Sensomative_3755,0,0,0,0,0,0,0,0,0,0,0,0,138,270,2022-11-08 09:38:48.060298204,
1667900328.1770074,SCAI-SENSEI,sensei-103,Sensomative_3001,15,0,0,2,2,0,0,6,1,2,2,0,227,Sensomative_3755,0,0,0,0,0,0,0,0,0,0,0,0,139,257,2022-11-08 09:38:48.177007437,
1667900328.2588036,SCAI-SENSEI,sensei-103,Sensomative_3001,14,0,0,1,2,0,0,6,0,2,0,0,228,Sensomative_3755,0,0,0,0,0,0,0,0,0,0,0,0,140,253,2022-11-08 09:38:48.258803606,
1667900328.3755126,SCAI-SENSEI,sensei-103,Sensomative_3001,13,0,0,1,2,0,0,5,0,2,0,0,229,Sensomative_3755,0,0,0,0,0,0,0,0,0,0,0,0,141,252,2022-11-08 09:38:48.375512600,
1667900328.4573083,SCAI-SENSEI,sensei-103,Sensomative_3001,12,0,0,1,1,0,0,4,0,2,0,0,230,Sensomative_3755,0,0,0,0,0,0,0,0,0,0,0,0,142,250,2022-11-08 09:38:48.457308292,
1667900328.5730202,SCAI-SENSEI,sensei-103,Sensomative_3001,12,0,0,0,1,0,0,4,0,2,0,0,231,Sensomative_3755,0,0,0,0,0,0,0,0,0,0,0,0,143,250,2022-11-08 09:38:48.573020220,
1667900328.6548164,SCAI-SENSEI,sensei-103,Sensomative_3001,11,0,0,0,2,0,0,3,0,2,0,0,232,Sensomative_3755,0,0,0,0,0,0,0,0,0,0,0,0,144,250,2022-11-08 09:38:48.654816389,
1667900328.7874858,SCAI-SENSEI,sensei-103,Sensomative_3001,11,0,0,0,2,0,0,3,0,2,0,0,233,Sensomative_3755,0,0,0,0,0,0,0,0,0,0,0,0,145,251,2022-11-08 09:38:48.787485838,
1667900328.9031973,SCAI-SENSEI,sensei-103,Sensomative_3001,11,0,0,0,2,0,0,3,0,2,0,0,234,Sensomative_3755,0,0,0,0,0,0,0,0,0,0,0,0,146,252,2022-11-08 09:38:48.903197289,
1667900328.9700303,SCAI-SENSEI,sensei-103,Sensomative_3001,10,0,0,0,2,0,0,2,0,2,0,0,235,Sensomative_3755,0,0,0,0,0,0,0,0,0,0,0,0,147,251,2022-11-08 09:38:48.970030308,
1667900329.0897324,SCAI-SENSEI,sensei-103,Sensomative_3001,10,0,0,0,2,0,0,3,0,1,0,0,236,Sensomative_3755,0,0,0,0,0,0,0,0,0,0,0,0,148,252,2022-11-08 09:38:49.089732409,
1667900329.1844962,SCAI-SENSEI,sensei-103,Sensomative_3001,10,0,0,0,2,0,0,3,0,1,0,0,237,Sensomative_3755,0,0,0,0,0,0,0,0,0,0,0,0,149,253,2022-11-08 09:38:49.184496164,
1667900329.3002076,SCAI-SENSEI,sensei-103,Sensomative_3001,10,0,0,0,2,0,0,3,0,2,0,0,238,Sensomative_3755,0,0,0,0,0,0,0,0,0,0,0,0,150,255,2022-11-08 09:38:49.300207615,
1667900329.3820038,SCAI-SENSEI,sensei-103,Sensomative_3001,10,0,0,0,2,0,0,3,0,1,0,0,239,Sensomative_3755,0,0,0,0,0,0,0,0,0,0,0,0,151,255,2022-11-08 09:38:49.382003784,
1667900329.4977157,SCAI-SENSEI,sensei-103,Sensomative_3001,10,0,0,0,2,0,0,3,0,1,0,0,240,Sensomative_3755,0,0,0,0,0,0,0,0,0,0,0,0,152,256,2022-11-08 09:38:49.497715712,
1667900329.5805092,SCAI-SENSEI,sensei-103,Sensomative_3001,9,0,0,0,2,0,0,3,0,1,0,0,241,Sensomative_3755,0,0,0,0,0,0,0,0,0,0,0,0,153,256,2022-11-08 09:38:49.580509186,
1667900329.6962206,SCAI-SENSEI,sensei-103,Sensomative_3001,9,0,0,0,2,0,0,3,0,1,0,0,242,Sensomative_3755,0,0,0,0,0,0,0,0,0,0,0,0,154,257,2022-11-08 09:38:49.696220636,
1667900329.7780168,SCAI-SENSEI,sensei-103,Sensomative_3001,9,0,0,0,2,0,0,3,0,1,0,0,243,Sensomative_3755,0,0,0,0,0,0,0,0,0,0,0,0,155,258,2022-11-08 09:38:49.778016806,
1667900329.8957236,SCAI-SENSEI,sensei-103,Sensomative_3001,9,0,0,0,2,0,0,3,0,1,0,0,244,Sensomative_3755,0,0,0,0,0,0,0,0,0,0,0,0,156,259,2022-11-08 09:38:49.895723581,
1667900329.978517,SCAI-SENSEI,sensei-103,Sensomative_3001,9,0,0,0,2,0,0,3,0,1,0,0,245,Sensomative_3755,0,0,0,0,0,0,0,0,0,0,0,0,157,260,2022-11-08 09:38:49.978517056,
1667900330.0942285,SCAI-SENSEI,sensei-103,Sensomative_3001,9,0,0,0,2,0,0,3,0,1,0,0,246,Sensomative_3755,0,0,0,0,0,0,0,0,0,0,0,0,158,261,2022-11-08 09:38:50.094228506,
1667900330.1750274,SCAI-SENSEI,sensei-103,Sensomative_3001,9,0,0,0,2,0,0,3,0,1,0,0,247,Sensomative_3755,0,0,0,0,0,0,0,0,0,0,0,0,159,262,2022-11-08 09:38:50.175027370,
1667900330.2907388,SCAI-SENSEI,sensei-103,Sensomative_3001,9,0,0,0,2,0,0,3,0,1,0,0,248,Sensomative_3755,0,0,0,0,0,0,0,0,0,0,0,0,160,263,2022-11-08 09:38:50.290738821,
1667900330.37453,SCAI-SENSEI,sensei-103,Sensomative_3001,8,0,0,0,2,0,0,3,0,1,0,0,249,Sensomative_3755,0,0,0,0,0,0,0,0,0,0,0,0,161,263,2022-11-08 09:38:50.374530077,
1667900330.491239,SCAI-SENSEI,sensei-103,Sensomative_3001,8,0,0,0,2,0,0,3,0,1,0,0,250,Sensomative_3755,0,0,0,0,0,0,0,0,0,0,0,0,162,264,2022-11-08 09:38:50.491239071,
1667900330.5730352,SCAI-SENSEI,sensei-103,Sensomative_3001,8,0,0,0,2,0,0,3,0,1,0,0,251,Sensomative_3755,0,0,0,0,0,0,0,0,0,0,0,0,163,265,2022-11-08 09:38:50.573035240,
1667900330.6887467,SCAI-SENSEI,sensei-103,Sensomative_3001,8,0,0,0,2,0,0,3,0,1,0,0,252,Sensomative_3755,0,0,0,0,0,0,0,0,0,0,0,0,164,266,2022-11-08 09:38:50.688746691,
1667900330.7705429,SCAI-SENSEI,sensei-103,Sensomative_3001,8,0,0,0,2,0,0,3,0,1,0,0,253,Sensomative_3755,0,0,0,0,0,0,0,0,0,0,0,0,165,267,2022-11-08 09:38:50.770542860,
1667900330.8862543,SCAI-SENSEI,sensei-103,Sensomative_3001,8,0,0,0,2,0,0,3,0,1,0,0,254,Sensomative_3755,0,0,0,0,0,0,0,0,0,0,0,0,166,268,2022-11-08 09:38:50.886254311,
1667900330.9690485,SCAI-SENSEI,sensei-103,Sensomative_3001,8,0,0,0,2,0,0,3,0,1,0,0,255,Sensomative_3755,0,0,0,0,0,0,0,0,0,0,0,0,167,269,2022-11-08 09:38:50.969048500,
1667900331.0847597,SCAI-SENSEI,sensei-103,Sensomative_3001,7,0,0,0,2,0,0,3,0,1,0,0,0,Sensomative_3755,0,0,0,0,0,0,0,0,0,0,0,0,168,13,2022-11-08 09:38:51.084759712,
1667900331.1675532,SCAI-SENSEI,sensei-103,Sensomative_3001,7,0,0,0,2,0,0,3,0,1,0,0,1,Sensomative_3755,0,0,0,0,0,0,0,0,0,0,0,0,169,14,2022-11-08 09:38:51.167553186,
1667900331.299225,SCAI-SENSEI,sensei-103,Sensomative_3001,7,0,0,0,2,0,0,3,0,1,0,0,2,Sensomative_3755,0,0,0,0,0,0,0,0,0,0,0,0,170,15,2022-11-08 09:38:51.299225092,
1667900331.365061,SCAI-SENSEI,sensei-103,Sensomative_3001,7,0,0,0,2,0,0,3,0,1,0,0,3,Sensomative_3755,0,0,0,0,0,0,0,0,0,0,0,0,171,16,2022-11-08 09:38:51.365061045,
1667900331.4977305,SCAI-SENSEI,sensei-103,Sensomative_3001,8,0,0,0,2,0,0,3,0,1,0,0,4,Sensomative_3755,0,0,0,0,0,0,0,0,0,0,0,0,172,18,2022-11-08 09:38:51.497730494,
1667900331.5645638,SCAI-SENSEI,sensei-103,Sensomative_3001,8,0,0,0,2,0,0,3,0,1,0,0,5,Sensomative_3755,0,0,0,0,0,0,0,0,0,0,0,0,173,19,2022-11-08 09:38:51.564563751,
1667900331.6962354,SCAI-SENSEI,sensei-103,Sensomative_3001,7,0,0,0,2,0,0,3,0,1,0,0,6,Sensomative_3755,0,0,0,0,0,0,0,0,0,0,0,0,174,19,2022-11-08 09:38:51.696235418,
1667900331.7790294,SCAI-SENSEI,sensei-103,Sensomative_3001,8,0,0,0,2,0,0,3,0,1,0,0,7,Sensomative_3755,0,0,0,0,0,0,0,0,0,0,0,0,175,21,2022-11-08 09:38:51.779029369,
1667900331.8937433,SCAI-SENSEI,sensei-103,Sensomative_3001,8,0,0,0,2,0,0,3,0,1,0,0,8,Sensomative_3755,0,0,0,0,0,0,0,0,0,0,0,0,176,22,2022-11-08 09:38:51.893743277,
1667900332.0104525,SCAI-SENSEI,sensei-103,Sensomative_3001,8,0,0,0,2,0,0,3,0,1,0,0,9,Sensomative_3755,0,0,0,0,0,0,0,0,0,0,0,0,177,23,2022-11-08 09:38:52.010452509,
1667900332.0922484,SCAI-SENSEI,sensei-103,Sensomative_3001,8,0,0,0,1,0,0,4,0,1,0,0,10,Sensomative_3755,0,0,0,0,0,0,0,0,0,0,0,0,178,24,2022-11-08 09:38:52.092248440,
1667900332.20796,SCAI-SENSEI,sensei-103,Sensomative_3001,8,0,0,0,2,0,0,3,0,1,0,0,11,Sensomative_3755,0,0,0,0,0,0,0,0,0,0,0,0,179,25,2022-11-08 09:38:52.207959890,
1667900332.2897563,SCAI-SENSEI,sensei-103,Sensomative_3001,12,0,0,0,2,0,0,3,0,0,0,0,12,Sensomative_3755,0,0,0,0,0,0,0,0,0,0,0,0,180,29,2022-11-08 09:38:52.289756298,
1667900332.4064653,SCAI-SENSEI,sensei-103,Sensomative_3001,48,0,0,0,0,0,0,2,0,1,0,68,13,Sensomative_3755,0,0,0,0,0,0,0,0,0,0,0,0,181,132,2022-11-08 09:38:52.406465292,
1667900332.4862664,SCAI-SENSEI,sensei-103,Sensomative_3001,3,0,61,0,71,9,19,69,0,30,0,108,14,Sensomative_3755,0,0,0,0,0,0,0,0,0,0,0,0,182,384,2022-11-08 09:38:52.486266375,
1667900332.6049705,SCAI-SENSEI,sensei-103,Sensomative_3001,1,0,14,0,102,12,76,122,0,12,0,13,15,Sensomative_3755,0,0,0,0,0,0,0,0,0,0,0,0,183,367,2022-11-08 09:38:52.604970455,
1667900332.6877642,SCAI-SENSEI,sensei-103,Sensomative_3001,5,0,17,0,98,8,78,113,3,18,0,19,16,Sensomative_3755,6,0,0,0,0,0,0,0,0,1,0,0,184,375,2022-11-08 09:38:52.687764168,
1667900332.802478,SCAI-SENSEI,sensei-103,Sensomative_3001,4,0,30,0,120,26,94,130,10,23,0,48,17,Sensomative_3755,14,0,6,2,3,2,0,0,2,17,0,2,185,502,2022-11-08 09:38:52.802478075,
1667900332.885272,SCAI-SENSEI,sensei-103,Sensomative_3001,26,0,49,0,116,20,88,124,13,27,0,65,18,Sensomative_3755,2,0,4,6,15,1,29,2,21,10,0,8,186,546,2022-11-08 09:38:52.885272026,
1667900333.001981,SCAI-SENSEI,sensei-103,Sensomative_3001,40,0,53,2,100,6,66,97,10,27,0,79,19,Sensomative_3755,0,0,2,5,12,1,26,0,14,1,0,8,187,499,2022-11-08 09:38:53.001981020,
1667900333.0837772,SCAI-SENSEI,sensei-103,Sensomative_3001,45,0,53,3,94,7,64,94,16,27,2,91,20,Sensomative_3755,0,0,0,2,6,0,14,0,8,0,0,5,188,516,2022-11-08 09:38:53.083777189,
1667900333.2004862,SCAI-SENSEI,sensei-103,Sensomative_3001,48,0,54,5,101,7,69,102,23,28,7,90,21,Sensomative_3755,0,0,0,3,2,0,7,0,5,0,0,2,189,555,2022-11-08 09:38:53.200486183,
1667900333.28328,SCAI-SENSEI,sensei-103,Sensomative_3001,47,0,55,5,105,8,73,106,27,29,10,92,22,Sensomative_3755,0,0,0,3,1,0,6,0,5,0,0,1,190,579,2022-11-08 09:38:53.283279896,
1667900333.397994,SCAI-SENSEI,sensei-103,Sensomative_3001,46,0,54,7,106,8,75,107,29,29,11,91,23,Sensomative_3755,0,0,0,3,1,0,6,0,5,0,0,1,190,586,2022-11-08 09:38:53.397994041,
1667900333.47979,SCAI-SENSEI,sensei-103,Sensomative_3001,46,0,54,8,107,9,77,110,31,29,11,92,24,Sensomative_3755,0,0,0,4,2,0,9,0,6,0,0,2,192,598,2022-11-08 09:38:53.479789972,
1667900333.6124592,SCAI-SENSEI,sensei-103,Sensomative_3001,45,0,54,9,107,9,77,111,33,29,11,90,25,Sensomative_3755,0,0,0,4,2,0,9,0,7,0,0,2,193,600,2022-11-08 09:38:53.612459183,
1667900333.679293,SCAI-SENSEI,sensei-103,Sensomative_3001,45,0,55,9,108,10,78,112,33,29,11,91,26,Sensomative_3755,0,0,0,4,1,0,8,0,6,0,0,2,194,607,2022-11-08 09:38:53.679292917,
1667900333.8089695,SCAI-SENSEI,sensei-103,Sensomative_3001,46,0,55,9,109,11,77,111,33,29,12,91,27,Sensomative_3755,0,0,0,4,2,0,7,0,4,0,0,2,195,610,2022-11-08 09:38:53.808969498,
1667900333.8937583,SCAI-SENSEI,sensei-103,Sensomative_3001,46,0,55,10,109,11,78,112,33,29,11,91,28,Sensomative_3755,0,0,0,4,2,0,7,0,4,0,0,1,196,613,2022-11-08 09:38:53.893758297,
1667900334.0094695,SCAI-SENSEI,sensei-103,Sensomative_3001,46,0,54,10,109,11,79,112,33,30,12,91,29,Sensomative_3755,0,0,0,4,2,0,6,0,5,0,0,1,197,616,2022-11-08 09:38:54.009469509,
1667900334.091266,SCAI-SENSEI,sensei-103,Sensomative_3001,46,0,54,10,110,11,79,113,34,30,12,91,30,Sensomative_3755,0,0,0,4,2,0,6,0,5,0,0,1,197,620,2022-11-08 09:38:54.091265917,
1667900334.2079751,SCAI-SENSEI,sensei-103,Sensomative_3001,46,0,55,10,109,11,79,113,34,30,12,91,31,Sensomative_3755,0,0,0,3,2,0,5,0,4,0,0,1,199,621,2022-11-08 09:38:54.207975149,
1667900334.2897713,SCAI-SENSEI,sensei-103,Sensomative_3001,46,0,55,10,110,11,79,112,34,30,12,91,32,Sensomative_3755,0,0,0,3,3,0,5,0,4,0,0,1,200,622,2022-11-08 09:38:54.289771318,
1667900334.4054828,SCAI-SENSEI,sensei-103,Sensomative_3001,47,0,55,10,110,11,79,113,34,30,12,91,33,Sensomative_3755,0,0,0,3,4,0,5,0,4,0,0,1,201,625,2022-11-08 09:38:54.405482769,
1667900334.4882762,SCAI-SENSEI,sensei-103,Sensomative_3001,47,0,56,10,107,11,79,114,33,30,12,91,34,Sensomative_3755,0,0,0,3,4,0,5,0,4,0,0,1,202,624,2022-11-08 09:38:54.488276243,
1667900334.603988,SCAI-SENSEI,sensei-103,Sensomative_3001,48,0,57,10,105,10,79,114,33,30,12,91,35,Sensomative_3755,0,0,0,3,4,0,4,0,4,0,0,1,203,624,2022-11-08 09:38:54.603987932,
1667900334.6867816,SCAI-SENSEI,sensei-103,Sensomative_3001,48,0,57,10,106,10,78,114,33,29,12,91,36,Sensomative_3755,0,0,0,3,4,0,4,0,4,0,0,0,204,624,2022-11-08 09:38:54.686781645,
1667900334.802493,SCAI-SENSEI,sensei-103,Sensomative_3001,48,0,57,10,106,10,78,113,33,30,12,91,37,Sensomative_3755,0,0,0,3,4,0,4,0,4,0,0,0,205,625,2022-11-08 09:38:54.802493095,
1667900334.886284,SCAI-SENSEI,sensei-103,Sensomative_3001,48,0,56,10,106,10,79,114,33,30,12,91,38,Sensomative_3755,0,0,0,3,4,0,5,0,4,0,0,0,206,627,2022-11-08 09:38:54.886284113,
1667900335.0009985,SCAI-SENSEI,sensei-103,Sensomative_3001,48,0,56,10,106,10,79,114,34,30,12,92,39,Sensomative_3755,0,0,0,3,5,0,4,0,4,0,0,0,207,630,2022-11-08 09:38:55.000998497,
1667900335.11671,SCAI-SENSEI,sensei-103,Sensomative_3001,49,0,57,10,106,10,78,113,34,30,12,92,40,Sensomative_3755,0,0,0,3,5,0,4,0,4,0,0,0,208,631,2022-11-08 09:38:55.116709948,
1667900335.198506,SCAI-SENSEI,sensei-103,Sensomative_3001,48,0,56,10,107,11,78,114,34,30,12,92,41,Sensomative_3755,0,0,0,3,4,0,4,0,4,0,0,0,209,633,2022-11-08 09:38:55.198506117,
1667900335.315215,SCAI-SENSEI,sensei-103,Sensomative_3001,48,0,55,10,107,11,78,114,34,30,12,91,42,Sensomative_3755,0,0,0,3,4,0,4,0,4,0,0,0,210,632,2022-11-08 09:38:55.315215111,
1667900335.3970113,SCAI-SENSEI,sensei-103,Sensomative_3001,48,0,56,11,108,11,78,114,34,30,12,92,43,Sensomative_3755,0,0,0,3,4,0,4,0,4,0,0,0,211,637,2022-11-08 09:38:55.397011280,
1667900335.5296807,SCAI-SENSEI,sensei-103,Sensomative_3001,48,0,56,10,108,11,79,114,35,30,12,92,44,Sensomative_3755,0,0,0,4,4,0,4,0,4,0,0,0,212,639,2022-11-08 09:38:55.529680728,
1667900335.5955167,SCAI-SENSEI,sensei-103,Sensomative_3001,48,0,56,10,108,11,79,114,35,29,12,93,45,Sensomative_3755,0,0,0,3,4,0,5,0,4,0,0,0,213,640,2022-11-08 09:38:55.595516682,
1667900335.7291832,SCAI-SENSEI,sensei-103,Sensomative_3001,48,0,56,11,109,11,79,114,35,29,12,92,46,Sensomative_3755,0,0,0,4,4,0,5,0,4,0,0,0,214,642,2022-11-08 09:38:55.729183197,
1667900335.7940218,SCAI-SENSEI,sensei-103,Sensomative_3001,48,0,56,11,109,11,79,114,35,29,12,93,47,Sensomative_3755,0,0,0,4,4,0,5,0,4,0,0,0,215,644,2022-11-08 09:38:55.794021845,
1667900335.924696,SCAI-SENSEI,sensei-103,Sensomative_3001,48,0,56,11,109,11,79,114,35,29,12,93,48,Sensomative_3755,0,0,0,4,4,0,5,0,4,0,0,0,216,645,2022-11-08 09:38:55.924695969,
1667900336.008487,SCAI-SENSEI,sensei-103,Sensomative_3001,48,0,55,11,108,11,79,114,35,29,12,93,49,Sensomative_3755,0,0,0,4,4,0,5,0,4,0,0,0,217,644,2022-11-08 09:38:56.008486986,
1667900336.1232011,SCAI-SENSEI,sensei-103,Sensomative_3001,48,0,55,11,109,11,79,114,35,29,13,92,50,Sensomative_3755,0,0,0,4,4,0,5,0,4,0,0,0,218,646,2022-11-08 09:38:56.123201132,
1667900336.205995,SCAI-SENSEI,sensei-103,Sensomative_3001,48,0,55,11,109,11,79,115,35,29,13,93,51,Sensomative_3755,0,0,0,4,5,0,5,0,4,0,0,0,219,649,2022-11-08 09:38:56.205995083,
1667900336.322704,SCAI-SENSEI,sensei-103,Sensomative_3001,48,0,54,11,109,11,79,114,35,30,13,92,52,Sensomative_3755,0,0,0,4,5,0,5,0,4,0,0,0,220,648,2022-11-08 09:38:56.322704077,
1667900336.4045,SCAI-SENSEI,sensei-103,Sensomative_3001,48,0,55,11,109,11,79,114,35,30,13,93,53,Sensomative_3755,0,0,0,4,5,0,5,0,4,0,0,0,221,651,2022-11-08 09:38:56.404500008,
1667900336.5202117,SCAI-SENSEI,sensei-103,Sensomative_3001,48,0,54,11,109,11,79,114,35,29,12,93,54,Sensomative_3755,0,0,0,4,5,0,4,0,4,0,0,0,222,649,2022-11-08 09:38:56.520211697,
1667900336.6030054,SCAI-SENSEI,sensei-103,Sensomative_3001,47,0,54,11,110,12,80,114,35,28,12,88,55,Sensomative_3755,0,0,0,4,5,0,5,0,4,0,0,0,223,646,2022-11-08 09:38:56.603005409,
1667900336.7187169,SCAI-SENSEI,sensei-103,Sensomative_3001,46,0,55,10,115,16,83,116,35,27,10,78,56,Sensomative_3755,0,0,0,4,5,0,6,0,4,0,0,0,224,647,2022-11-08 09:38:56.718716860,
1667900336.8015106,SCAI-SENSEI,sensei-103,Sensomative_3001,40,0,53,10,122,22,89,121,35,25,8,67,57,Sensomative_3755,0,0,0,4,5,1,9,0,5,0,0,1,225,649,2022-11-08 09:38:56.801510572,
1667900336.9182198,SCAI-SENSEI,sensei-103,Sensomative_3001,32,0,50,8,132,33,98,128,34,25,5,52,58,Sensomative_3755,0,0,3,4,3,1,14,0,10,8,0,4,226,655,2022-11-08 09:38:56.918219805,
1667900337.0010133,SCAI-SENSEI,sensei-103,Sensomative_3001,22,0,47,7,140,43,109,135,35,26,3,42,59,Sensomative_3755,8,0,6,1,1,0,0,0,9,21,0,4,227,668,2022-11-08 09:38:57.001013279,
1667900337.116725,SCAI-SENSEI,sensei-103,Sensomative_3001,20,0,48,6,145,48,116,140,37,29,2,45,60,Sensomative_3755,5,0,1,0,0,0,0,0,0,7,4,2,228,696,2022-11-08 09:38:57.116724968,
1667900337.198521,SCAI-SENSEI,sensei-103,Sensomative_3001,28,0,67,10,142,35,103,133,41,42,9,82,61,Sensomative_3755,0,0,0,0,0,0,0,0,0,0,1,0,229,753,2022-11-08 09:38:57.198520899,
1667900337.3142326,SCAI-SENSEI,sensei-103,Sensomative_3001,45,2,73,20,53,5,36,50,47,48,38,128,62,Sensomative_3755,0,0,0,0,0,0,0,0,0,0,0,0,230,607,2022-11-08 09:38:57.314232588,
1667900337.3960288,SCAI-SENSEI,sensei-103,Sensomative_3001,48,14,21,30,38,3,26,35,38,22,30,74,63,Sensomative_3755,0,0,0,0,0,0,0,0,0,0,0,0,231,442,2022-11-08 09:38:57.396028757,
1667900337.5127378,SCAI-SENSEI,sensei-103,Sensomative_3001,43,13,15,22,30,4,13,18,27,18,18,26,64,Sensomative_3755,0,0,0,0,0,0,0,0,0,0,0,0,232,311,2022-11-08 09:38:57.512737750,
1667900337.594534,SCAI-SENSEI,sensei-103,Sensomative_3001,36,7,10,16,21,9,9,12,13,11,13,6,65,Sensomative_3755,0,0,0,0,0,0,0,0,0,0,0,0,233,228,2022-11-08 09:38:57.594533920,
1667900337.7082503,SCAI-SENSEI,sensei-103,Sensomative_3001,22,3,4,5,10,0,1,7,6,6,6,2,66,Sensomative_3755,0,0,0,0,0,0,0,0,0,0,0,0,234,138,2022-11-08 09:38:57.708250284,
1667900337.7910442,SCAI-SENSEI,sensei-103,Sensomative_3001,17,0,1,3,8,0,0,6,2,3,3,1,67,Sensomative_3755,0,0,0,0,0,0,0,0,0,0,0,0,235,111,2022-11-08 09:38:57.791044235,
1667900337.9257083,SCAI-SENSEI,sensei-103,Sensomative_3001,14,0,0,2,5,0,0,4,1,3,2,0,68,Sensomative_3755,0,0,0,0,0,0,0,0,0,0,0,0,236,99,2022-11-08 09:38:57.925708294,
1667900337.9915445,SCAI-SENSEI,sensei-103,Sensomative_3001,12,0,0,1,3,0,0,5,1,2,0,0,69,Sensomative_3755,0,0,0,0,0,0,0,0,0,0,0,0,237,93,2022-11-08 09:38:57.991544485,
1667900338.1242137,SCAI-SENSEI,sensei-103,Sensomative_3001,10,0,0,2,2,0,0,5,0,2,0,0,70,Sensomative_3755,0,0,0,0,0,0,0,0,0,0,0,0,238,91,2022-11-08 09:38:58.124213696,
1667900338.1900496,SCAI-SENSEI,sensei-103,Sensomative_3001,9,0,0,1,2,0,0,5,0,2,0,0,71,Sensomative_3755,0,0,0,0,0,0,0,0,0,0,0,0,239,90,2022-11-08 09:38:58.190049648,
1667900338.322719,SCAI-SENSEI,sensei-103,Sensomative_3001,9,0,0,1,2,0,0,4,0,2,0,0,72,Sensomative_3755,0,0,0,0,0,0,0,0,0,0,0,0,240,90,2022-11-08 09:38:58.322719097,
1667900338.437433,SCAI-SENSEI,sensei-103,Sensomative_3001,9,0,0,1,1,0,0,5,0,2,0,0,73,Sensomative_3755,0,0,0,0,0,0,0,0,0,0,0,0,241,91,2022-11-08 09:38:58.437433004,
1667900338.5202267,SCAI-SENSEI,sensei-103,Sensomative_3001,8,0,0,0,2,0,0,4,0,1,0,0,74,Sensomative_3755,0,0,0,0,0,0,0,0,0,0,0,0,242,89,2022-11-08 09:38:58.520226717,
1667900338.6349409,SCAI-SENSEI,sensei-103,Sensomative_3001,8,0,0,0,2,0,0,4,0,1,0,0,75,Sensomative_3755,0,0,0,0,0,0,0,0,0,0,0,0,243,90,2022-11-08 09:38:58.634940863,
1667900338.7177343,SCAI-SENSEI,sensei-103,Sensomative_3001,7,0,0,0,2,0,0,4,0,1,0,0,76,Sensomative_3755,0,0,0,0,0,0,0,0,0,0,0,0,244,90,2022-11-08 09:38:58.717734337,
1667900338.8334458,SCAI-SENSEI,sensei-103,Sensomative_3001,7,0,0,0,2,0,0,4,0,1,0,0,77,Sensomative_3755,0,0,0,0,0,0,0,0,0,0,0,0,245,91,2022-11-08 09:38:58.833445787,
1667900338.9162395,SCAI-SENSEI,sensei-103,Sensomative_3001,7,0,0,0,2,0,0,4,0,1,0,0,78,Sensomative_3755,0,0,0,0,0,0,0,0,0,0,0,0,246,92,2022-11-08 09:38:58.916239500,
1667900339.0319512,SCAI-SENSEI,sensei-103,Sensomative_3001,7,0,0,0,2,0,0,4,0,2,0,0,79,Sensomative_3755,0,0,0,0,0,0,0,0,0,0,0,0,247,94,2022-11-08 09:38:59.031951188,
1667900339.114745,SCAI-SENSEI,sensei-103,Sensomative_3001,7,0,0,0,2,0,0,4,0,1,0,0,80,Sensomative_3755,0,0,0,0,0,0,0,0,0,0,0,0,248,94,2022-11-08 09:38:59.114744902,
1667900339.2304564,SCAI-SENSEI,sensei-103,Sensomative_3001,7,0,0,0,2,0,0,4,0,2,0,0,81,Sensomative_3755,0,0,0,0,0,0,0,0,0,0,0,0,249,96,2022-11-08 09:38:59.230456352,
1667900339.31325,SCAI-SENSEI,sensei-103,Sensomative_3001,7,0,0,0,2,0,0,3,0,1,0,0,82,Sensomative_3755,0,0,0,0,0,0,0,0,0,0,0,0,250,95,2022-11-08 09:38:59.313250065,
1667900339.4289618,SCAI-SENSEI,sensei-103,Sensomative_3001,7,0,0,0,2,0,0,3,0,1,0,0,83,Sensomative_3755,0,0,0,0,0,0,0,0,0,0,0,0,251,96,2022-11-08 09:38:59.428961754,
1667900339.5107577,SCAI-SENSEI,sensei-103,Sensomative_3001,7,0,0,0,2,0,0,3,0,1,0,0,84,Sensomative_3755,0,0,0,0,0,0,0,0,0,0,0,0,252,97,2022-11-08 09:38:59.510757684,
1667900339.627467,SCAI-SENSEI,sensei-103,Sensomative_3001,7,0,0,0,2,0,0,3,0,1,0,0,85,Sensomative_3755,0,0,0,0,0,0,0,0,0,0,0,0,253,98,2022-11-08 09:38:59.627466917,
1667900339.7102606,SCAI-SENSEI,sensei-103,Sensomative_3001,6,0,0,0,2,0,0,3,0,1,0,0,86,Sensomative_3755,0,0,0,0,0,0,0,0,0,0,0,0,254,98,2022-11-08 09:38:59.710260630,
1667900339.825972,SCAI-SENSEI,sensei-103,Sensomative_3001,6,0,0,0,2,0,0,3,0,1,0,0,87,Sensomative_3755,0,0,0,0,0,0,0,0,0,0,0,0,255,99,2022-11-08 09:38:59.825972080,
1667900339.9077682,SCAI-SENSEI,sensei-103,Sensomative_3001,6,0,0,0,2,0,0,3,0,1,0,0,88,Sensomative_3755,0,0,0,0,0,0,0,0,0,0,0,0,0,100,2022-11-08 09:38:59.907768250,
1667900340.0244772,SCAI-SENSEI,sensei-103,Sensomative_3001,6,0,0,0,2,0,0,3,0,1,0,0,89,Sensomative_3755,0,0,0,0,0,0,0,0,0,0,0,0,1,101,2022-11-08 09:39:00.024477243,
1667900340.1062734,SCAI-SENSEI,sensei-103,Sensomative_3001,6,0,0,0,2,0,0,3,0,1,0,0,90,Sensomative_3755,0,0,0,0,0,0,0,0,0,0,0,0,2,102,2022-11-08 09:39:00.106273413,
1667900340.2229826,SCAI-SENSEI,sensei-103,Sensomative_3001,6,0,0,0,2,0,0,3,0,1,0,0,91,Sensomative_3755,0,0,0,0,0,0,0,0,0,0,0,0,3,103,2022-11-08 09:39:00.222982645,
1667900340.3047786,SCAI-SENSEI,sensei-103,Sensomative_3001,6,0,0,0,2,0,0,3,0,1,0,0,92,Sensomative_3755,0,0,0,0,0,0,0,0,0,0,0,0,4,104,2022-11-08 09:39:00.304778576,
1667900340.4364505,SCAI-SENSEI,sensei-103,Sensomative_3001,6,0,0,0,2,0,0,4,0,1,0,0,93,Sensomative_3755,0,0,0,0,0,0,0,0,0,0,0,0,5,106,2022-11-08 09:39:00.436450481,
1667900340.5032835,SCAI-SENSEI,sensei-103,Sensomative_3001,6,0,0,0,2,0,0,3,0,1,0,0,94,Sensomative_3755,0,0,0,0,0,0,0,0,0,0,0,0,6,106,2022-11-08 09:39:00.503283500,
1667900340.633958,SCAI-SENSEI,sensei-103,Sensomative_3001,6,0,0,0,2,0,0,3,0,1,0,0,95,Sensomative_3755,0,0,0,0,0,0,0,0,0,0,0,0,7,107,2022-11-08 09:39:00.633958101,
1667900340.7167516,SCAI-SENSEI,sensei-103,Sensomative_3001,5,0,0,0,2,0,0,3,0,1,0,0,96,Sensomative_3755,0,0,0,0,0,0,0,0,0,0,0,0,8,107,2022-11-08 09:39:00.716751575,
1667900340.8324635,SCAI-SENSEI,sensei-103,Sensomative_3001,5,0,0,0,2,0,0,3,0,1,0,0,97,Sensomative_3755,0,0,0,0,0,0,0,0,0,0,0,0,9,108,2022-11-08 09:39:00.832463503,
1667900340.9162543,SCAI-SENSEI,sensei-103,Sensomative_3001,5,0,0,0,2,0,0,3,0,1,0,0,98,Sensomative_3755,0,0,0,0,0,0,0,0,0,0,0,0,10,109,2022-11-08 09:39:00.916254282,
1667900341.030969,SCAI-SENSEI,sensei-103,Sensomative_3001,5,0,0,0,2,0,0,3,0,1,0,0,99,Sensomative_3755,0,0,0,0,0,0,0,0,0,0,0,0,11,110,2022-11-08 09:39:01.030968904,
1667900341.113762,SCAI-SENSEI,sensei-103,Sensomative_3001,5,0,0,0,2,0,0,3,0,1,0,0,100,Sensomative_3755,0,0,0,0,0,0,0,0,0,0,0,0,12,111,2022-11-08 09:39:01.113761902,
1667900341.2294738,SCAI-SENSEI,sensei-103,Sensomative_3001,5,0,0,0,2,0,0,3,0,1,0,0,101,Sensomative_3755,0,0,0,0,0,0,0,0,0,0,0,0,13,112,2022-11-08 09:39:01.229473829,
1667900341.3122675,SCAI-SENSEI,sensei-103,Sensomative_3001,5,0,0,0,2,0,0,3,0,1,0,0,102,Sensomative_3755,0,0,0,0,0,0,0,0,0,0,0,0,14,113,2022-11-08 09:39:01.312267542,
1667900341.4269814,SCAI-SENSEI,sensei-103,Sensomative_3001,6,0,0,0,2,0,0,3,0,1,0,0,103,Sensomative_3755,0,0,0,0,0,0,0,0,0,0,0,0,15,115,2022-11-08 09:39:01.426981449,
1667900341.5426931,SCAI-SENSEI,sensei-103,Sensomative_3001,6,0,0,0,2,0,0,3,0,1,0,0,104,Sensomative_3755,0,0,0,0,0,0,0,0,0,0,0,0,16,116,2022-11-08 09:39:01.542693138,
1667900341.6264844,SCAI-SENSEI,sensei-103,Sensomative_3001,6,0,0,0,2,0,0,3,0,1,0,0,105,Sensomative_3755,0,0,0,0,0,0,0,0,0,0,0,0,17,117,2022-11-08 09:39:01.626484394,
1667900341.7411983,SCAI-SENSEI,sensei-103,Sensomative_3001,6,0,0,0,2,0,0,3,0,1,0,0,106,Sensomative_3755,0,0,0,0,0,0,0,0,0,0,0,0,18,118,2022-11-08 09:39:01.741198301,
1667900341.8249896,SCAI-SENSEI,sensei-103,Sensomative_3001,6,0,0,0,2,0,0,3,0,1,0,0,107,Sensomative_3755,0,0,0,0,0,0,0,0,0,0,0,0,19,119,2022-11-08 09:39:01.824989557,
1667900341.940701,SCAI-SENSEI,sensei-103,Sensomative_3001,6,0,0,0,2,0,0,3,0,1,0,0,108,Sensomative_3755,0,0,0,0,0,0,0,0,0,0,0,0,20,120,2022-11-08 09:39:01.940701008,
1667900342.0224972,SCAI-SENSEI,sensei-103,Sensomative_3001,21,0,0,0,2,0,0,3,0,0,0,6,109,Sensomative_3755,0,0,0,0,0,0,0,0,0,0,0,0,21,141,2022-11-08 09:39:02.022497177,
1667900342.1382089,SCAI-SENSEI,sensei-103,Sensomative_3001,56,0,43,0,13,0,0,13,0,28,1,143,110,Sensomative_3755,0,0,0,0,0,0,0,0,0,0,0,0,22,407,2022-11-08 09:39:02.138208866,
1667900342.222,SCAI-SENSEI,sensei-103,Sensomative_3001,0,0,37,0,133,18,49,108,0,7,0,58,111,Sensomative_3755,0,0,0,0,0,0,0,0,0,0,0,0,23,521,2022-11-08 09:39:02.221999884,1.0
1667900342.3536716,SCAI-SENSEI,sensei-103,Sensomative_3001,3,0,19,0,111,14,75,107,3,17,0,11,112,Sensomative_3755,1,0,0,0,0,0,0,0,0,0,0,0,24,472,2022-11-08 09:39:02.353671551,
1667900342.4195075,SCAI-SENSEI,sensei-103,Sensomative_3001,2,0,22,0,128,31,94,132,7,17,0,13,113,Sensomative_3755,12,0,2,0,0,2,0,0,0,1,0,0,25,559,2022-11-08 09:39:02.419507504,
1667900342.5511794,SCAI-SENSEI,sensei-103,Sensomative_3001,6,0,38,0,136,43,110,141,19,25,0,52,114,Sensomative_3755,11,0,6,3,12,1,5,0,4,14,0,4,26,684,2022-11-08 09:39:02.551179409,
1667900342.618013,SCAI-SENSEI,sensei-103,Sensomative_3001,31,0,49,0,116,15,80,119,11,30,0,89,115,Sensomative_3755,0,0,4,4,11,2,26,1,13,1,0,7,27,655,2022-11-08 09:39:02.618012905,
1667900342.75168,SCAI-SENSEI,sensei-103,Sensomative_3001,49,0,56,3,101,8,68,100,21,31,6,94,116,Sensomative_3755,0,0,0,2,8,1,16,0,7,0,0,5,28,653,2022-11-08 09:39:02.751679897,
1667900342.816518,SCAI-SENSEI,sensei-103,Sensomative_3001,47,0,54,3,103,9,75,107,29,32,12,95,117,Sensomative_3755,0,0,0,2,2,0,10,0,4,0,0,3,29,683,2022-11-08 09:39:02.816518068,
1667900342.946195,SCAI-SENSEI,sensei-103,Sensomative_3001,49,0,56,5,109,11,78,109,35,31,15,99,118,Sensomative_3755,0,0,0,3,2,0,6,0,4,0,0,2,30,715,2022-11-08 09:39:02.946194887,
1667900343.029986,SCAI-SENSEI,sensei-103,Sensomative_3001,48,0,55,5,109,12,79,109,36,31,15,98,119,Sensomative_3755,0,0,0,3,2,0,5,0,4,0,0,0,31,716,2022-11-08 09:39:03.029985905,
1667900343.1427052,SCAI-SENSEI,sensei-103,Sensomative_3001,48,0,55,5,111,12,80,112,37,31,15,98,120,Sensomative_3755,0,0,0,3,2,0,5,0,4,0,0,0,32,724,2022-11-08 09:39:03.142705202,
1667900343.2294886,SCAI-SENSEI,sensei-103,Sensomative_3001,47,0,56,6,112,13,82,115,38,31,16,98,121,Sensomative_3755,0,0,0,4,2,0,7,0,4,0,0,1,33,735,2022-11-08 09:39:03.229488611,
1667900343.3452003,SCAI-SENSEI,sensei-103,Sensomative_3001,47,0,56,7,112,12,82,115,39,31,16,98,122,Sensomative_3755,0,0,0,3,2,0,6,0,4,0,0,2,34,737,2022-11-08 09:39:03.345200300,
1667900343.425999,SCAI-SENSEI,sensei-103,Sensomative_3001,47,0,57,8,113,14,82,114,39,31,17,99,123,Sensomative_3755,0,0,0,3,2,0,4,0,4,0,0,2,35,744,2022-11-08 09:39:03.425998926,
1667900343.5427082,SCAI-SENSEI,sensei-103,Sensomative_3001,48,0,56,8,114,15,82,114,39,31,16,98,124,Sensomative_3755,0,0,0,3,2,0,4,0,4,0,0,1,36,745,2022-11-08 09:39:03.542708158,
1667900343.6255016,SCAI-SENSEI,sensei-103,Sensomative_3001,48,0,56,9,114,15,83,115,40,31,17,99,125,Sensomative_3755,0,0,0,3,2,0,4,0,4,0,0,1,36,752,2022-11-08 09:39:03.625501633,
1667900343.741213,SCAI-SENSEI,sensei-103,Sensomative_3001,48,0,57,9,114,15,83,115,40,31,17,99,126,Sensomative_3755,0,0,0,4,2,0,3,0,4,0,0,0,38,754,2022-11-08 09:39:03.741213083,
1667900343.8240068,SCAI-SENSEI,sensei-103,Sensomative_3001,48,0,57,9,114,15,83,115,40,32,17,99,127,Sensomative_3755,0,0,0,4,3,0,3,0,4,0,0,0,39,756,2022-11-08 09:39:03.824006796,
1667900343.9397185,SCAI-SENSEI,sensei-103,Sensomative_3001,48,0,56,9,114,15,83,115,40,32,17,100,128,Sensomative_3755,0,0,0,3,3,0,3,0,4,0,0,0,40,757,2022-11-08 09:39:03.939718485,
1667900344.021515,SCAI-SENSEI,sensei-103,Sensomative_3001,49,0,57,9,115,15,83,115,41,32,17,99,129,Sensomative_3755,0,0,0,3,3,0,3,0,4,0,0,0,41,761,2022-11-08 09:39:04.021514893,
1667900344.137226,SCAI-SENSEI,sensei-103,Sensomative_3001,49,0,56,10,115,15,83,116,41,32,17,99,130,Sensomative_3755,0,0,0,3,4,0,3,0,4,0,0,0,42,763,2022-11-08 09:39:04.137226105,
1667900344.2200198,SCAI-SENSEI,sensei-103,Sensomative_3001,48,0,56,10,115,15,83,116,41,32,18,99,131,Sensomative_3755,0,0,0,3,3,0,3,0,4,0,0,0,43,764,2022-11-08 09:39:04.220019817,
1667900344.3357313,SCAI-SENSEI,sensei-103,Sensomative_3001,48,0,57,10,115,15,83,115,41,32,17,100,132,Sensomative_3755,0,0,0,3,4,0,3,0,4,0,0,0,44,765,2022-11-08 09:39:04.335731268,
1667900344.4185252,SCAI-SENSEI,sensei-103,Sensomative_3001,48,0,57,10,115,15,84,115,41,32,17,100,133,Sensomative_3755,0,0,0,3,4,0,3,0,4,0,0,0,45,767,2022-11-08 09:39:04.418525219,
1667900344.534237,SCAI-SENSEI,sensei-103,Sensomative_3001,49,0,57,10,115,15,84,115,41,32,18,100,134,Sensomative_3755,0,0,0,3,4,0,3,0,4,0,0,0,46,770,2022-11-08 09:39:04.534236908,
1667900344.649948,SCAI-SENSEI,sensei-103,Sensomative_3001,49,0,58,10,115,15,84,115,41,32,18,99,135,Sensomative_3755,0,0,0,3,4,0,2,0,4,0,0,0,47,771,2022-11-08 09:39:04.649947882,
1667900344.7327418,SCAI-SENSEI,sensei-103,Sensomative_3001,48,0,57,10,116,15,84,116,41,31,18,99,136,Sensomative_3755,0,0,0,3,4,0,3,0,4,0,0,0,48,771,2022-11-08 09:39:04.732741833,
1667900344.8654113,SCAI-SENSEI,sensei-103,Sensomative_3001,49,0,57,10,116,15,84,115,42,31,18,100,137,Sensomative_3755,0,0,0,3,4,0,3,0,4,0,0,0,49,774,2022-11-08 09:39:04.865411282,
1667900344.931247,SCAI-SENSEI,sensei-103,Sensomative_3001,49,0,57,10,116,15,84,116,42,31,18,100,138,Sensomative_3755,0,0,0,3,4,1,3,0,4,0,0,0,50,776,2022-11-08 09:39:04.931246996,
1667900345.062919,SCAI-SENSEI,sensei-103,Sensomative_3001,49,0,57,10,116,15,84,116,42,32,18,101,139,Sensomative_3755,0,0,0,3,4,0,3,0,4,0,0,0,51,779,2022-11-08 09:39:05.062918901,
1667900345.144715,SCAI-SENSEI,sensei-103,Sensomative_3001,49,0,57,10,116,15,84,116,42,32,18,101,140,Sensomative_3755,0,0,0,3,4,0,3,0,4,0,0,0,52,780,2022-11-08 09:39:05.144715071,
1667900345.261424,SCAI-SENSEI,sensei-103,Sensomative_3001,48,0,57,10,116,15,84,116,42,32,18,100,141,Sensomative_3755,0,0,0,3,4,0,3,0,4,0,0,0,53,779,2022-11-08 09:39:05.261424064,
1667900345.3442178,SCAI-SENSEI,sensei-103,Sensomative_3001,48,0,58,10,116,16,84,115,42,32,18,101,142,Sensomative_3755,0,0,0,3,4,0,3,0,4,0,0,0,54,782,2022-11-08 09:39:05.344217777,
1667900345.4599292,SCAI-SENSEI,sensei-103,Sensomative_3001,48,0,58,10,116,16,84,115,42,32,18,101,143,Sensomative_3755,0,0,0,3,4,0,3,0,4,0,0,0,55,783,2022-11-08 09:39:05.459929228,
1667900345.5417254,SCAI-SENSEI,sensei-103,Sensomative_3001,49,0,58,10,117,15,84,115,42,32,18,101,144,Sensomative_3755,0,0,0,3,4,0,3,0,4,0,0,0,56,785,2022-11-08 09:39:05.541725397,
1667900345.657437,SCAI-SENSEI,sensei-103,Sensomative_3001,48,0,58,10,117,16,84,115,42,32,18,102,145,Sensomative_3755,0,0,0,4,4,0,3,0,4,0,0,0,57,787,2022-11-08 09:39:05.657437086,
1667900345.7402306,SCAI-SENSEI,sensei-103,Sensomative_3001,48,0,58,10,117,16,84,115,42,32,18,101,146,Sensomative_3755,0,0,0,3,4,1,3,0,4,0,0,0,58,787,2022-11-08 09:39:05.740230560,
1667900345.8549447,SCAI-SENSEI,sensei-103,Sensomative_3001,48,0,57,10,117,16,84,115,42,32,18,101,147,Sensomative_3755,0,0,0,3,4,0,3,0,4,0,0,0,59,787,2022-11-08 09:39:05.854944706,
1667900345.938736,SCAI-SENSEI,sensei-103,Sensomative_3001,48,0,58,10,117,16,84,115,42,32,18,101,148,Sensomative_3755,0,0,0,4,4,0,3,0,4,0,0,0,60,789,2022-11-08 09:39:05.938735962,
1667900346.0544474,SCAI-SENSEI,sensei-103,Sensomative_3001,49,0,57,10,117,16,84,115,42,32,18,101,149,Sensomative_3755,0,0,0,4,4,1,3,0,4,0,0,0,61,790,2022-11-08 09:39:06.054447412,
1667900346.1372411,SCAI-SENSEI,sensei-103,Sensomative_3001,49,0,58,10,118,16,85,115,42,32,18,101,150,Sensomative_3755,0,0,0,4,4,0,3,0,4,0,0,0,62,794,2022-11-08 09:39:06.137241125,
1667900346.251955,SCAI-SENSEI,sensei-103,Sensomative_3001,49,0,57,10,117,16,84,115,42,32,18,101,151,Sensomative_3755,0,0,0,4,4,0,3,0,4,0,0,0,63,792,2022-11-08 09:39:06.251955032,
1667900346.334749,SCAI-SENSEI,sensei-103,Sensomative_3001,49,0,57,10,117,16,84,115,42,32,18,102,152,Sensomative_3755,0,0,0,4,4,1,3,0,4,0,0,0,64,794,2022-11-08 09:39:06.334748983,
1667900346.451458,SCAI-SENSEI,sensei-103,Sensomative_3001,49,0,58,10,117,16,84,116,42,32,18,101,153,Sensomative_3755,0,0,0,4,4,0,3,0,4,0,0,0,65,796,2022-11-08 09:39:06.451457977,
1667900346.533254,SCAI-SENSEI,sensei-103,Sensomative_3001,49,0,58,10,118,16,84,116,42,32,18,102,154,Sensomative_3755,0,0,0,4,4,0,3,0,4,0,0,0,66,799,2022-11-08 09:39:06.533253908,
1667900346.6499631,SCAI-SENSEI,sensei-103,Sensomative_3001,49,0,57,10,118,16,85,116,42,31,18,101,155,Sensomative_3755,0,0,0,4,4,0,3,0,4,0,0,0,67,798,2022-11-08 09:39:06.649963140,
1667900346.731759,SCAI-SENSEI,sensei-103,Sensomative_3001,49,0,57,10,118,16,85,116,42,32,18,102,156,Sensomative_3755,0,0,0,4,5,0,3,0,4,0,0,0,68,801,2022-11-08 09:39:06.731759071,
1667900346.8464732,SCAI-SENSEI,sensei-103,Sensomative_3001,49,0,57,10,117,16,84,116,42,32,18,102,157,Sensomative_3755,0,0,0,4,5,1,3,0,4,0,0,0,69,800,2022-11-08 09:39:06.846473217,
1667900346.9302645,SCAI-SENSEI,sensei-103,Sensomative_3001,48,0,55,10,116,15,85,116,42,32,18,100,158,Sensomative_3755,0,0,0,4,4,0,3,0,4,0,0,0,70,795,2022-11-08 09:39:06.930264473,
1667900347.045976,SCAI-SENSEI,sensei-103,Sensomative_3001,47,0,52,9,112,15,85,118,41,31,16,91,159,Sensomative_3755,0,0,0,5,4,1,3,0,6,0,0,0,71,776,2022-11-08 09:39:07.045975924,
1667900347.1287696,SCAI-SENSEI,sensei-103,Sensomative_3001,37,0,51,6,132,27,101,132,39,27,8,64,160,Sensomative_3755,0,0,0,7,5,2,11,0,11,0,0,2,72,784,2022-11-08 09:39:07.128769636,
1667900347.2604415,SCAI-SENSEI,sensei-103,Sensomative_3001,27,0,48,5,141,39,112,139,39,25,6,49,161,Sensomative_3755,9,0,7,4,3,1,2,0,13,19,0,4,73,791,2022-11-08 09:39:07.260441542,
1667900347.3272748,SCAI-SENSEI,sensei-103,Sensomative_3001,22,0,49,4,147,45,118,143,41,29,6,58,162,Sensomative_3755,5,0,3,1,0,0,0,0,0,6,3,1,74,824,2022-11-08 09:39:07.327274799,
1667900347.4589467,SCAI-SENSEI,sensei-103,Sensomative_3001,40,0,74,9,135,23,90,117,51,45,26,111,163,Sensomative_3755,0,0,0,0,0,0,0,0,0,0,1,0,75,884,2022-11-08 09:39:07.458946705,
1667900347.524783,SCAI-SENSEI,sensei-103,Sensomative_3001,50,4,60,19,44,2,31,41,44,39,41,143,164,Sensomative_3755,0,0,0,0,0,0,0,0,0,0,0,0,76,682,2022-11-08 09:39:07.524782896,
1667900347.657452,SCAI-SENSEI,sensei-103,Sensomative_3001,48,13,21,28,35,3,24,30,37,23,29,64,165,Sensomative_3755,0,0,0,0,0,0,0,0,0,0,0,0,77,520,2022-11-08 09:39:07.657452106,
1667900347.7392485,SCAI-SENSEI,sensei-103,Sensomative_3001,42,11,17,22,33,5,12,17,27,19,19,20,166,Sensomative_3755,0,0,0,0,0,0,0,0,0,0,0,0,78,410,2022-11-08 09:39:07.739248514,
1667900347.855957,SCAI-SENSEI,sensei-103,Sensomative_3001,30,7,13,16,24,8,6,12,15,11,14,7,167,Sensomative_3755,0,0,0,0,0,0,0,0,0,0,0,0,79,330,2022-11-08 09:39:07.855957031,
1667900347.9706712,SCAI-SENSEI,sensei-103,Sensomative_3001,23,4,7,8,15,0,3,8,9,8,9,4,168,Sensomative_3755,0,0,0,0,0,0,0,0,0,0,0,0,80,266,2022-11-08 09:39:07.970671177,
1667900348.053465,SCAI-SENSEI,sensei-103,Sensomative_3001,20,2,4,5,13,0,1,7,6,7,5,3,169,Sensomative_3755,0,0,0,0,0,0,0,0,0,0,0,0,81,242,2022-11-08 09:39:08.053464890,
1667900348.1691766,SCAI-SENSEI,sensei-103,Sensomative_3001,17,1,1,5,10,0,0,7,5,5,3,2,170,Sensomative_3755,0,0,0,0,0,0,0,0,0,0,0,0,82,226,2022-11-08 09:39:08.169176579,
1667900348.249975,SCAI-SENSEI,sensei-103,Sensomative_3001,13,0,1,4,9,0,1,7,3,4,3,0,171,Sensomative_3755,0,0,0,0,0,0,0,0,0,0,0,0,83,216,2022-11-08 09:39:08.249974966,
1667900348.365687,SCAI-SENSEI,sensei-103,Sensomative_3001,13,0,1,5,8,0,0,7,3,3,2,0,172,Sensomative_3755,0,0,0,0,0,0,0,0,0,0,0,0,84,214,2022-11-08 09:39:08.365686893,
1667900348.4524703,SCAI-SENSEI,sensei-103,Sensomative_3001,13,0,1,5,7,0,0,7,2,3,2,1,173,Sensomative_3755,0,0,0,0,0,0,0,0,0,0,0,0,85,214,2022-11-08 09:39:08.452470303,
1667900348.566187,SCAI-SENSEI,sensei-103,Sensomative_3001,12,0,1,4,6,0,0,7,1,2,2,0,174,Sensomative_3755,0,0,0,0,0,0,0,0,0,0,0,0,86,209,2022-11-08 09:39:08.566186905,
1667900348.6489806,SCAI-SENSEI,sensei-103,Sensomative_3001,12,0,0,3,5,0,0,6,2,2,2,0,175,Sensomative_3755,0,0,0,0,0,0,0,0,0,0,0,0,87,207,2022-11-08 09:39:08.648980618,
1667900348.7636948,SCAI-SENSEI,sensei-103,Sensomative_3001,11,0,0,2,4,0,0,6,1,2,0,0,176,Sensomative_3755,0,0,0,0,0,0,0,0,0,0,0,0,88,202,2022-11-08 09:39:08.763694763,
1667900348.8464882,SCAI-SENSEI,sensei-103,Sensomative_3001,9,0,0,2,4,0,0,6,0,2,0,0,177,Sensomative_3755,0,0,0,0,0,0,0,0,0,0,0,0,89,200,2022-11-08 09:39:08.846488237,
1667900348.9641948,SCAI-SENSEI,sensei-103,Sensomative_3001,9,0,0,1,4,0,0,5,0,2,0,0,178,Sensomative_3755,0,0,0,0,0,0,0,0,0,0,0,0,90,199,2022-11-08 09:39:08.964194775,
1667900349.055966,SCAI-SENSEI,sensei-103,Sensomative_3001,10,0,0,1,3,0,0,4,0,1,0,0,179,Sensomative_3755,0,0,0,0,0,0,0,0,0,0,0,0,91,198,2022-11-08 09:39:09.055965900,
1667900349.160705,SCAI-SENSEI,sensei-103,Sensomative_3001,8,0,0,0,3,0,0,7,0,2,0,0,180,Sensomative_3755,0,0,0,0,0,0,0,0,0,0,0,0,92,200,2022-11-08 09:39:09.160705090,
1667900349.2434988,SCAI-SENSEI,sensei-103,Sensomative_3001,8,0,0,0,3,0,0,7,0,2,0,0,181,Sensomative_3755,0,0,0,0,0,0,0,0,0,0,0,0,93,201,2022-11-08 09:39:09.243498802,
1667900349.3751705,SCAI-SENSEI,sensei-103,Sensomative_3001,8,0,0,0,2,0,0,7,0,1,0,0,182,Sensomative_3755,0,0,0,0,0,0,0,0,0,0,0,0,94,200,2022-11-08 09:39:09.375170469,
1667900349.4430015,SCAI-SENSEI,sensei-103,Sensomative_3001,7,0,0,0,2,0,0,6,0,1,0,0,183,Sensomative_3755,0,0,0,0,0,0,0,0,0,0,0,0,95,199,2022-11-08 09:39:09.443001509,
1667900349.573676,SCAI-SENSEI,sensei-103,Sensomative_3001,7,0,0,0,2,0,0,7,0,1,0,0,184,Sensomative_3755,0,0,0,0,0,0,0,0,0,0,0,0,96,201,2022-11-08 09:39:09.573676109,
1667900349.6395116,SCAI-SENSEI,sensei-103,Sensomative_3001,6,0,0,0,2,0,0,7,0,1,0,0,185,Sensomative_3755,0,0,0,0,0,0,0,0,0,0,0,0,97,201,2022-11-08 09:39:09.639511585,
1667900349.7721808,SCAI-SENSEI,sensei-103,Sensomative_3001,6,0,0,0,2,0,0,6,0,1,0,0,186,Sensomative_3755,0,0,0,0,0,0,0,0,0,0,0,0,98,201,2022-11-08 09:39:09.772180796,
1667900349.853977,SCAI-SENSEI,sensei-103,Sensomative_3001,6,0,0,0,2,0,0,6,0,1,0,0,187,Sensomative_3755,0,0,0,0,0,0,0,0,0,0,0,0,99,202,2022-11-08 09:39:09.853976965,
1667900349.969689,SCAI-SENSEI,sensei-103,Sensomative_3001,6,0,0,0,2,0,0,6,0,1,0,0,188,Sensomative_3755,0,0,0,0,0,0,0,0,0,0,0,0,100,203,2022-11-08 09:39:09.969688892,
1667900350.05348,SCAI-SENSEI,sensei-103,Sensomative_3001,6,0,0,0,2,0,0,5,0,1,0,0,189,Sensomative_3755,0,0,0,0,0,0,0,0,0,0,0,0,101,203,2022-11-08 09:39:10.053479910,
1667900350.1681938,SCAI-SENSEI,sensei-103,Sensomative_3001,6,0,0,0,2,0,0,5,0,1,0,0,190,Sensomative_3755,0,0,0,0,0,0,0,0,0,0,0,0,102,204,2022-11-08 09:39:10.168193817,
1667900350.2519848,SCAI-SENSEI,sensei-103,Sensomative_3001,6,0,0,0,2,0,0,5,0,1,0,0,191,Sensomative_3755,0,0,0,0,0,0,0,0,0,0,0,0,103,205,2022-11-08 09:39:10.251984835,
1667900350.366699,SCAI-SENSEI,sensei-103,Sensomative_3001,6,0,0,0,2,0,0,5,0,1,0,0,192,Sensomative_3755,0,0,0,0,0,0,0,0,0,0,0,0,104,206,2022-11-08 09:39:10.366698980,
1667900350.449493,SCAI-SENSEI,sensei-103,Sensomative_3001,5,0,0,0,2,0,0,5,0,1,0,0,193,Sensomative_3755,0,0,0,0,0,0,0,0,0,0,0,0,105,206,2022-11-08 09:39:10.449492931,
1667900350.5642066,SCAI-SENSEI,sensei-103,Sensomative_3001,5,0,0,0,2,0,0,5,0,1,0,0,194,Sensomative_3755,0,0,0,0,0,0,0,0,0,0,0,0,106,207,2022-11-08 09:39:10.564206600,
1667900350.647998,SCAI-SENSEI,sensei-103,Sensomative_3001,5,0,0,0,2,0,0,5,0,1,0,0,195,Sensomative_3755,0,0,0,0,0,0,0,0,0,0,0,0,107,208,2022-11-08 09:39:10.647998095,
1667900350.7637095,SCAI-SENSEI,sensei-103,Sensomative_3001,5,0,0,0,2,0,0,5,0,1,0,0,196,Sensomative_3755,0,0,0,0,0,0,0,0,0,0,0,0,108,209,2022-11-08 09:39:10.763709545,
1667900350.8455057,SCAI-SENSEI,sensei-103,Sensomative_3001,6,0,0,0,2,0,0,5,0,1,0,0,197,Sensomative_3755,0,0,0,0,0,0,0,0,0,0,0,0,109,211,2022-11-08 09:39:10.845505714,
1667900350.9622147,SCAI-SENSEI,sensei-103,Sensomative_3001,5,0,0,0,2,0,0,5,0,1,0,0,198,Sensomative_3755,0,0,0,0,0,0,0,0,0,0,0,0,110,211,2022-11-08 09:39:10.962214708,
1667900351.0769289,SCAI-SENSEI,sensei-103,Sensomative_3001,5,0,0,0,2,0,0,5,0,1,0,0,199,Sensomative_3755,0,0,0,0,0,0,0,0,0,0,0,0,111,212,2022-11-08 09:39:11.076928854,
1667900351.1597226,SCAI-SENSEI,sensei-103,Sensomative_3001,6,0,0,0,2,0,0,5,0,1,0,0,200,Sensomative_3755,0,0,0,0,0,0,0,0,0,0,0,0,112,214,2022-11-08 09:39:11.159722567,
1667900351.275434,SCAI-SENSEI,sensei-103,Sensomative_3001,6,0,0,0,2,0,0,4,0,1,0,0,201,Sensomative_3755,0,0,0,0,0,0,0,0,0,0,0,0,113,214,2022-11-08 09:39:11.275434017,
1667900351.3582275,SCAI-SENSEI,sensei-103,Sensomative_3001,5,0,0,0,2,0,0,4,0,1,0,0,202,Sensomative_3755,0,0,0,0,0,0,0,0,0,0,0,0,114,214,2022-11-08 09:39:11.358227491,
1667900351.4898996,SCAI-SENSEI,sensei-103,Sensomative_3001,5,0,0,0,2,0,0,4,0,1,0,0,203,Sensomative_3755,0,0,0,0,0,0,0,0,0,0,0,0,115,215,2022-11-08 09:39:11.489899635,
1667900351.556733,SCAI-SENSEI,sensei-103,Sensomative_3001,5,0,0,0,2,0,0,4,0,1,0,0,204,Sensomative_3755,0,0,0,0,0,0,0,0,0,0,0,0,116,216,2022-11-08 09:39:11.556732893,
1667900351.6884048,SCAI-SENSEI,sensei-103,Sensomative_3001,5,0,0,0,2,0,0,4,0,1,0,0,205,Sensomative_3755,0,0,0,0,0,0,0,0,0,0,0,0,117,217,2022-11-08 09:39:11.688404799,
1667900351.7542405,SCAI-SENSEI,sensei-103,Sensomative_3001,5,0,0,0,2,0,0,4,0,1,0,0,206,Sensomative_3755,0,0,0,0,0,0,0,0,0,0,0,0,118,218,2022-11-08 09:39:11.754240513,
1667900351.88691,SCAI-SENSEI,sensei-103,Sensomative_3001,5,0,0,0,2,0,0,4,0,1,0,0,207,Sensomative_3755,0,0,0,0,0,0,0,0,0,0,0,0,119,219,2022-11-08 09:39:11.886909962,
1667900351.952746,SCAI-SENSEI,sensei-103,Sensomative_3001,5,0,0,0,2,0,0,4,0,1,0,0,208,Sensomative_3755,0,0,0,0,0,0,0,0,0,0,0,0,120,220,2022-11-08 09:39:11.952745914,
1667900352.0844176,SCAI-SENSEI,sensei-103,Sensomative_3001,5,0,0,0,2,0,0,4,0,1,0,0,209,Sensomative_3755,0,0,0,0,0,0,0,0,0,0,0,0,121,221,2022-11-08 09:39:12.084417582,
1667900352.1672113,SCAI-SENSEI,sensei-103,Sensomative_3001,5,0,0,0,2,0,0,4,0,1,0,0,210,Sensomative_3755,0,0,0,0,0,0,0,0,0,0,0,0,122,222,2022-11-08 09:39:12.167211294,
1667900352.2829227,SCAI-SENSEI,sensei-103,Sensomative_3001,4,0,0,0,2,0,0,4,0,1,0,0,211,Sensomative_3755,0,0,0,0,0,0,0,0,0,0,0,0,123,222,2022-11-08 09:39:12.282922745,
1667900352.366714,SCAI-SENSEI,sensei-103,Sensomative_3001,4,0,0,0,2,0,0,4,0,1,0,0,212,Sensomative_3755,0,0,0,0,0,0,0,0,0,0,0,0,124,223,2022-11-08 09:39:12.366714001,
1667900352.481428,SCAI-SENSEI,sensei-103,Sensomative_3001,4,0,0,0,2,0,0,4,0,1,0,0,213,Sensomative_3755,0,0,0,0,0,0,0,0,0,0,0,0,125,224,2022-11-08 09:39:12.481427908,
1667900352.5642216,SCAI-SENSEI,sensei-103,Sensomative_3001,4,0,0,0,2,0,0,4,0,0,0,0,214,Sensomative_3755,0,0,0,0,0,0,0,0,0,0,0,0,126,224,2022-11-08 09:39:12.564221621,
1667900352.6799333,SCAI-SENSEI,sensei-103,Sensomative_3001,4,0,0,0,2,0,0,4,0,1,0,0,215,Sensomative_3755,0,0,0,0,0,0,0,0,0,0,0,0,127,226,2022-11-08 09:39:12.679933310,
1667900352.7617297,SCAI-SENSEI,sensei-103,Sensomative_3001,4,0,0,0,2,0,0,4,0,1,0,0,216,Sensomative_3755,0,0,0,0,0,0,0,0,0,0,0,0,128,227,2022-11-08 09:39:12.761729717,
1667900352.877441,SCAI-SENSEI,sensei-103,Sensomative_3001,4,0,0,0,2,0,0,4,0,1,0,0,217,Sensomative_3755,0,0,0,0,0,0,0,0,0,0,0,0,129,228,2022-11-08 09:39:12.877440929,
1667900352.9612322,SCAI-SENSEI,sensei-103,Sensomative_3001,4,0,0,0,2,0,0,4,0,1,0,0,218,Sensomative_3755,0,0,0,0,0,0,0,0,0,0,0,0,130,229,2022-11-08 09:39:12.961232185,
1667900353.0769436,SCAI-SENSEI,sensei-103,Sensomative_3001,4,0,0,0,2,0,0,4,0,1,0,0,219,Sensomative_3755,0,0,0,0,0,0,0,0,0,0,0,0,131,230,2022-11-08 09:39:13.076943636,
1667900353.1587398,SCAI-SENSEI,sensei-103,Sensomative_3001,4,0,0,0,2,0,0,4,0,0,0,0,220,Sensomative_3755,0,0,0,0,0,0,0,0,0,0,0,0,132,230,2022-11-08 09:39:13.158739805,
1667900353.275449,SCAI-SENSEI,sensei-103,Sensomative_3001,4,0,0,0,2,0,0,3,0,0,0,0,221,Sensomative_3755,0,0,0,0,0,0,0,0,0,0,0,0,133,230,2022-11-08 09:39:13.275449038,
1667900353.3572452,SCAI-SENSEI,sensei-103,Sensomative_3001,4,0,0,0,2,0,0,3,0,0,0,0,222,Sensomative_3755,0,0,0,0,0,0,0,0,0,0,0,0,134,231,2022-11-08 09:39:13.357245207,
1667900353.472957,SCAI-SENSEI,sensei-103,Sensomative_3001,4,0,0,0,2,0,0,3,0,0,0,0,223,Sensomative_3755,0,0,0,0,0,0,0,0,0,0,0,0,135,232,2022-11-08 09:39:13.472956896,
1667900353.5557504,SCAI-SENSEI,sensei-103,Sensomative_3001,4,0,0,0,2,0,0,4,0,1,0,0,224,Sensomative_3755,0,0,0,0,0,0,0,0,0,0,0,0,136,235,2022-11-08 09:39:13.555750370,
1667900353.6714618,SCAI-SENSEI,sensei-103,Sensomative_3001,4,0,0,0,2,0,0,3,0,0,0,0,225,Sensomative_3755,0,0,0,0,0,0,0,0,0,0,0,0,137,234,2022-11-08 09:39:13.671461821,
1667900353.753258,SCAI-SENSEI,sensei-103,Sensomative_3001,4,0,0,0,2,0,0,3,0,0,0,0,226,Sensomative_3755,0,0,0,0,0,0,0,0,0,0,0,0,138,235,2022-11-08 09:39:13.753257990,
1667900353.8829348,SCAI-SENSEI,sensei-103,Sensomative_3001,4,0,0,0,2,0,0,3,0,0,0,0,227,Sensomative_3755,0,0,0,0,0,0,0,0,0,0,0,0,139,236,2022-11-08 09:39:13.882934809,
1667900353.9527607,SCAI-SENSEI,sensei-103,Sensomative_3001,4,0,0,0,2,0,0,3,0,0,0,0,228,Sensomative_3755,0,0,0,0,0,0,0,0,0,0,0,0,140,237,2022-11-08 09:39:13.952760696,
1667900354.0844326,SCAI-SENSEI,sensei-103,Sensomative_3001,4,0,0,0,2,0,0,3,0,0,0,0,229,Sensomative_3755,0,0,0,0,0,0,0,0,0,0,0,0,141,238,2022-11-08 09:39:14.084432602,
1667900354.1981492,SCAI-SENSEI,sensei-103,Sensomative_3001,4,0,0,0,2,0,0,3,0,0,0,0,230,Sensomative_3755,0,0,0,0,0,0,0,0,0,0,0,0,142,239,2022-11-08 09:39:14.198149204,
1667900354.2819402,SCAI-SENSEI,sensei-103,Sensomative_3001,4,0,0,0,2,0,0,3,0,0,0,0,231,Sensomative_3755,0,0,0,0,0,0,0,0,0,0,0,0,143,240,2022-11-08 09:39:14.281940222,
1667900354.397652,SCAI-SENSEI,sensei-103,Sensomative_3001,4,0,0,0,2,0,0,3,0,0,0,0,232,Sensomative_3755,0,0,0,0,0,0,0,0,0,0,0,0,144,241,2022-11-08 09:39:14.397651911,
1667900354.4804454,SCAI-SENSEI,sensei-103,Sensomative_3001,4,0,0,0,2,0,0,3,0,1,0,0,233,Sensomative_3755,0,0,0,0,0,0,0,0,0,0,0,0,145,243,2022-11-08 09:39:14.480445385,
1667900354.5951595,SCAI-SENSEI,sensei-103,Sensomative_3001,4,0,0,0,2,0,0,3,0,0,0,0,234,Sensomative_3755,0,0,0,0,0,0,0,0,0,0,0,0,146,243,2022-11-08 09:39:14.595159531,
1667900354.6779532,SCAI-SENSEI,sensei-103,Sensomative_3001,4,0,0,0,2,0,0,3,0,0,0,0,235,Sensomative_3755,0,0,0,0,0,0,0,0,0,0,0,0,147,244,2022-11-08 09:39:14.677953243,
1667900354.7946625,SCAI-SENSEI,sensei-103,Sensomative_3001,4,0,0,0,2,0,0,3,0,0,0,0,236,Sensomative_3755,0,0,0,0,0,0,0,0,0,0,0,0,148,245,2022-11-08 09:39:14.794662476,
1667900354.8764584,SCAI-SENSEI,sensei-103,Sensomative_3001,4,0,0,0,2,0,0,3,0,0,0,0,237,Sensomative_3755,0,0,0,0,0,0,0,0,0,0,0,0,149,246,2022-11-08 09:39:14.876458406,
1667900354.9931674,SCAI-SENSEI,sensei-103,Sensomative_3001,4,0,0,0,2,0,0,3,0,0,0,0,238,Sensomative_3755,0,0,0,0,0,0,0,0,0,0,0,0,150,247,2022-11-08 09:39:14.993167400,
1667900355.075961,SCAI-SENSEI,sensei-103,Sensomative_3001,4,0,0,0,2,0,0,3,0,0,0,0,239,Sensomative_3755,0,0,0,0,0,0,0,0,0,0,0,0,151,248,2022-11-08 09:39:15.075961113,
1667900355.1916728,SCAI-SENSEI,sensei-103,Sensomative_3001,4,0,0,0,2,0,0,3,0,0,0,0,240,Sensomative_3755,0,0,0,0,0,0,0,0,0,0,0,0,152,249,2022-11-08 09:39:15.191672802,
1667900355.273469,SCAI-SENSEI,sensei-103,Sensomative_3001,4,0,0,0,2,0,0,3,0,0,0,0,241,Sensomative_3755,0,0,0,0,0,0,0,0,0,0,0,0,153,250,2022-11-08 09:39:15.273468971,
1667900355.3891804,SCAI-SENSEI,sensei-103,Sensomative_3001,4,0,0,0,2,0,0,3,0,0,0,0,242,Sensomative_3755,0,0,0,0,0,0,0,0,0,0,0,0,154,251,2022-11-08 09:39:15.389180422,
1667900355.471974,SCAI-SENSEI,sensei-103,Sensomative_3001,4,0,0,0,2,0,0,3,0,0,0,0,243,Sensomative_3755,0,0,0,0,0,0,0,0,0,0,0,0,155,252,2022-11-08 09:39:15.471973896,
1667900355.5876856,SCAI-SENSEI,sensei-103,Sensomative_3001,4,0,0,0,2,0,0,4,0,0,0,0,244,Sensomative_3755,0,0,0,0,0,0,0,0,0,0,0,0,156,254,2022-11-08 09:39:15.587685585,
1667900355.6704793,SCAI-SENSEI,sensei-103,Sensomative_3001,4,0,0,0,2,0,0,3,0,0,0,0,245,Sensomative_3755,0,0,0,0,0,0,0,0,0,0,0,0,157,254,2022-11-08 09:39:15.670479298,
1667900355.7812033,SCAI-SENSEI,sensei-103,Sensomative_3001,4,0,0,0,2,0,0,4,0,0,0,0,246,Sensomative_3755,0,0,0,0,0,0,0,0,0,0,0,0,158,256,2022-11-08 09:39:15.781203270,
